3 0.584375 0.694444 0.008333 0.018519
5 0.173958 0.384259 0.050000 0.068519
9 0.314583 0.414815 0.014583 0.029630
13 0.965104 0.091667 0.009375 0.020370
0 0.726562 0.133333 0.038542 0.066667
11 0.989062 0.301852 0.011458 0.022222
10 0.191667 0.342593 0.006250 0.014815
15 0.448958 0.233333 0.014583 0.007407
2 0.946875 0.082407 0.037500 0.053704
12 0.503646 0.074074 0.011458 0.022222
14 0.531250 0.216667 0.008333 0.011111
4 0.572917 0.508333 0.014583 0.009259
6 0.797396 0.225926 0.017708 0.014815
7 0.467708 0.157407 0.008333 0.007407
1 0.112500 0.403704 0.052083 0.007407
8 0.152604 0.950000 0.015625 0.014815
