3 0.202083 0.612037 0.050000 0.112963
5 0.360417 0.264815 0.168750 0.229630
9 0.848958 0.182407 0.060417 0.120370
13 0.120833 0.072222 0.058333 0.118519
0 0.513021 0.700926 0.196875 0.342593
11 0.371354 0.919444 0.063542 0.127778
10 0.789062 0.810185 0.034375 0.083333
15 0.961458 0.495370 0.056250 0.031481
2 0.905729 0.212037 0.132292 0.190741
12 0.466146 0.191667 0.076042 0.150000
14 0.516146 0.686111 0.038542 0.050000
4 0.520833 0.075000 0.083333 0.057407
6 0.832812 0.856481 0.055208 0.046296
7 0.170833 0.532407 0.072917 0.050000
1 0.109896 0.302778 0.217708 0.020370
8 0.215625 0.868519 0.047917 0.048148
