3 0.834375 0.719444 0.025000 0.057407
5 0.682292 0.537037 0.070833 0.096296
9 0.817708 0.794444 0.035417 0.070370
13 0.714063 0.194444 0.032292 0.066667
0 0.529167 0.363889 0.112500 0.194444
11 0.932813 0.086111 0.019792 0.038889
10 0.584375 0.738889 0.010417 0.025926
15 0.585938 0.974074 0.026042 0.014815
2 0.278125 0.328704 0.070833 0.101852
12 0.544792 0.187037 0.037500 0.074074
14 0.490104 0.173148 0.017708 0.024074
4 0.846354 0.221296 0.030208 0.020370
6 0.408854 0.584259 0.023958 0.020370
7 0.800000 0.750000 0.022917 0.014815
1 0.835417 0.405556 0.081250 0.007407
8 0.078125 0.725926 0.041667 0.040741
