3 0.553646 0.746296 0.009375 0.022222
5 0.156250 0.134259 0.050000 0.068519
9 0.631771 0.260185 0.019792 0.038889
13 0.266667 0.696296 0.012500 0.025926
0 0.084375 0.260185 0.054167 0.094444
11 0.323437 0.789815 0.013542 0.027778
10 0.575521 0.807407 0.007292 0.018519
15 0.722396 0.248148 0.013542 0.007407
2 0.100000 0.642593 0.031250 0.044444
12 0.883333 0.591667 0.010417 0.020370
14 0.694792 0.327778 0.008333 0.011111
4 0.529167 0.953704 0.022917 0.014815
6 0.385937 0.031481 0.017708 0.014815
7 0.459375 0.836111 0.014583 0.009259
1 0.231771 0.790741 0.044792 0.007407
8 0.887500 0.655556 0.014583 0.014815
