3 0.870833 0.591667 0.016667 0.038889
5 0.554167 0.401852 0.054167 0.074074
9 0.858333 0.800926 0.039583 0.079630
13 0.295312 0.079630 0.019792 0.040741
0 0.233854 0.264815 0.119792 0.207407
11 0.200000 0.885185 0.016667 0.033333
10 0.400521 0.784259 0.015625 0.038889
15 0.140104 0.617593 0.023958 0.012963
2 0.816667 0.357407 0.054167 0.077778
12 0.881771 0.242593 0.021875 0.044444
14 0.110937 0.344444 0.019792 0.025926
4 0.336979 0.977778 0.032292 0.022222
6 0.213021 0.016667 0.026042 0.022222
7 0.882812 0.920370 0.023958 0.014815
1 0.444271 0.553704 0.121875 0.011111
8 0.079687 0.250000 0.036458 0.037037
