3 0.895833 0.205556 0.010417 0.022222
5 0.216667 0.753704 0.033333 0.044444
9 0.225521 0.539815 0.017708 0.035185
13 0.424479 0.412037 0.015625 0.031481
0 0.641667 0.925000 0.052083 0.090741
11 0.107292 0.511111 0.014583 0.029630
10 0.623437 0.668519 0.009375 0.022222
15 0.445833 0.098148 0.008333 0.007407
2 0.916667 0.833333 0.033333 0.048148
12 0.696354 0.034259 0.013542 0.027778
14 0.014583 0.812037 0.010417 0.012963
4 0.980729 0.179630 0.017708 0.011111
6 0.108854 0.058333 0.015625 0.012963
7 0.346354 0.783333 0.009375 0.007407
1 0.595833 0.762963 0.060417 0.007407
8 0.576562 0.250000 0.011458 0.011111
