3 0.530208 0.332407 0.016667 0.038889
5 0.647917 0.124074 0.072917 0.100000
9 0.651563 0.822222 0.030208 0.059259
13 0.966146 0.323148 0.028125 0.057407
0 0.685937 0.895370 0.111458 0.194444
11 0.603125 0.830556 0.016667 0.035185
10 0.930208 0.769444 0.012500 0.031481
15 0.414062 0.896296 0.034375 0.018519
2 0.287500 0.273148 0.047917 0.068519
12 0.813542 0.206481 0.041667 0.083333
14 0.015625 0.741667 0.025000 0.031481
4 0.309896 0.159259 0.032292 0.022222
6 0.037500 0.175926 0.041667 0.033333
7 0.216146 0.169444 0.030208 0.020370
1 0.348958 0.122222 0.095833 0.007407
8 0.827083 0.928704 0.035417 0.035185
