3 0.455729 0.315741 0.015625 0.035185
5 0.442708 0.636111 0.100000 0.135185
9 0.380208 0.070370 0.033333 0.066667
13 0.029687 0.076852 0.030208 0.061111
0 0.317188 0.608333 0.080208 0.138889
11 0.436979 0.778704 0.030208 0.061111
10 0.497917 0.203704 0.010417 0.025926
15 0.784375 0.101852 0.029167 0.014815
2 0.672396 0.774074 0.067708 0.096296
12 0.466667 0.871296 0.027083 0.053704
14 0.658333 0.218519 0.014583 0.018519
4 0.175521 0.259259 0.042708 0.029630
6 0.586979 0.383333 0.032292 0.025926
7 0.523958 0.376852 0.020833 0.012963
1 0.691667 0.248148 0.089583 0.007407
8 0.348438 0.745370 0.028125 0.027778
