3 0.491667 0.452778 0.018750 0.042593
5 0.665625 0.180556 0.085417 0.116667
9 0.506771 0.775926 0.021875 0.044444
13 0.097917 0.710185 0.029167 0.061111
0 0.771354 0.710185 0.086458 0.150000
11 0.200521 0.390741 0.021875 0.044444
10 0.336979 0.030556 0.011458 0.027778
15 0.949479 0.818519 0.034375 0.018519
2 0.210417 0.962963 0.043750 0.062963
12 0.409896 0.062963 0.040625 0.081481
14 0.717187 0.670370 0.013542 0.018519
4 0.063542 0.827778 0.054167 0.037037
6 0.116146 0.064815 0.036458 0.029630
7 0.709375 0.857407 0.022917 0.014815
1 0.531250 0.605556 0.095833 0.007407
8 0.791146 0.212963 0.021875 0.022222
