3 0.323437 0.510185 0.038542 0.087037
5 0.203125 0.475000 0.204167 0.279630
9 0.657292 0.167593 0.058333 0.116667
13 0.603125 0.598148 0.060417 0.122222
0 0.595833 0.276852 0.222917 0.387037
11 0.838021 0.434259 0.055208 0.112963
10 0.190625 0.473148 0.029167 0.072222
15 0.677083 0.900000 0.041667 0.022222
2 0.360417 0.635185 0.108333 0.155556
12 0.628646 0.129630 0.067708 0.133333
14 0.110937 0.826852 0.044792 0.057407
4 0.136979 0.427778 0.086458 0.059259
6 0.200000 0.704630 0.056250 0.046296
7 0.667188 0.813889 0.067708 0.046296
1 0.240625 0.424074 0.216667 0.018519
8 0.638542 0.397222 0.056250 0.057407
