3 0.779687 0.924074 0.040625 0.092593
5 0.861458 0.412037 0.185417 0.253704
9 0.556250 0.796296 0.058333 0.114815
13 0.056250 0.648148 0.062500 0.125926
0 0.682292 0.395370 0.210417 0.364815
11 0.768750 0.137963 0.035417 0.072222
10 0.619271 0.838889 0.032292 0.077778
15 0.259375 0.526852 0.058333 0.031481
2 0.429167 0.687037 0.131250 0.188889
12 0.406771 0.529630 0.067708 0.133333
14 0.748958 0.912037 0.027083 0.035185
4 0.465625 0.680556 0.106250 0.072222
6 0.260417 0.930556 0.052083 0.042593
7 0.277083 0.674074 0.050000 0.033333
1 0.357812 0.797222 0.259375 0.024074
8 0.599479 0.828704 0.048958 0.050000
