3 0.666146 0.840741 0.009375 0.022222
5 0.471354 0.151852 0.032292 0.044444
9 0.365104 0.317593 0.011458 0.024074
13 0.808854 0.386111 0.013542 0.027778
0 0.579167 0.454630 0.056250 0.098148
11 0.854167 0.746296 0.014583 0.029630
10 0.073958 0.609259 0.006250 0.014815
15 0.253125 0.300926 0.016667 0.009259
2 0.736458 0.147222 0.037500 0.053704
12 0.332292 0.255556 0.016667 0.033333
14 0.227604 0.215741 0.009375 0.012963
4 0.791146 0.127778 0.021875 0.014815
6 0.669271 0.330556 0.021875 0.016667
7 0.261458 0.290741 0.016667 0.011111
1 0.218750 0.024074 0.052083 0.007407
8 0.376042 0.291667 0.016667 0.016667
