3 0.075000 0.037037 0.020833 0.048148
5 0.946875 0.571296 0.058333 0.079630
9 0.342708 0.757407 0.039583 0.077778
13 0.685417 0.369444 0.031250 0.064815
0 0.527604 0.087963 0.084375 0.146296
11 0.829167 0.062963 0.029167 0.059259
10 0.338542 0.753704 0.018750 0.044444
15 0.919271 0.417593 0.026042 0.012963
2 0.033333 0.914815 0.043750 0.062963
12 0.822396 0.501852 0.032292 0.062963
14 0.584896 0.662037 0.021875 0.027778
4 0.825000 0.896296 0.054167 0.037037
6 0.831250 0.540741 0.031250 0.025926
7 0.372396 0.369444 0.034375 0.024074
1 0.844792 0.234259 0.104167 0.009259
8 0.382292 0.489815 0.035417 0.035185
