3 0.646354 0.934259 0.007292 0.016667
5 0.713542 0.694444 0.025000 0.033333
9 0.577083 0.401852 0.020833 0.040741
13 0.430208 0.455556 0.014583 0.029630
0 0.392188 0.907407 0.032292 0.055556
11 0.508333 0.040741 0.010417 0.022222
10 0.610417 0.236111 0.008333 0.020370
15 0.266146 0.155556 0.013542 0.007407
2 0.567187 0.316667 0.038542 0.055556
12 0.790104 0.811111 0.011458 0.022222
14 0.262500 0.273148 0.010417 0.012963
4 0.276042 0.686111 0.020833 0.012963
6 0.576562 0.516667 0.021875 0.018519
7 0.304688 0.858333 0.013542 0.009259
1 0.930729 0.755556 0.044792 0.007407
8 0.778125 0.217593 0.020833 0.020370
