3 0.854688 0.983333 0.007292 0.018519
5 0.194792 0.145370 0.050000 0.068519
9 0.852604 0.166667 0.013542 0.025926
13 0.354687 0.041667 0.011458 0.024074
0 0.722396 0.883333 0.048958 0.085185
11 0.723437 0.587963 0.013542 0.027778
10 0.448437 0.702778 0.007292 0.016667
15 0.501042 0.203704 0.010417 0.007407
2 0.026042 0.832407 0.027083 0.038889
12 0.381250 0.969444 0.014583 0.027778
14 0.375000 0.781481 0.008333 0.011111
4 0.831250 0.856481 0.014583 0.009259
6 0.208854 0.229630 0.017708 0.014815
7 0.521354 0.598148 0.017708 0.011111
1 0.601562 0.657407 0.040625 0.007407
8 0.436979 0.235185 0.015625 0.014815
