3 0.818750 0.081481 0.037500 0.085185
5 0.861979 0.550000 0.111458 0.151852
9 0.840625 0.593519 0.045833 0.090741
13 0.515625 0.186111 0.052083 0.105556
0 0.180208 0.630556 0.225000 0.390741
11 0.858333 0.602778 0.037500 0.075926
10 0.723958 0.788889 0.022917 0.055556
15 0.049479 0.155556 0.046875 0.025926
2 0.457813 0.771296 0.111458 0.161111
12 0.216667 0.580556 0.083333 0.164815
14 0.452604 0.122222 0.040625 0.051852
4 0.300000 0.953704 0.108333 0.074074
6 0.635417 0.075000 0.079167 0.064815
7 0.496354 0.540741 0.038542 0.025926
1 0.613542 0.810185 0.227083 0.020370
8 0.160938 0.476852 0.071875 0.072222
