3 0.538542 0.312963 0.022917 0.051852
5 0.928125 0.837037 0.077083 0.103704
9 0.814583 0.892593 0.037500 0.074074
13 0.156771 0.686111 0.028125 0.057407
0 0.372396 0.347222 0.082292 0.142593
11 0.583854 0.232407 0.032292 0.064815
10 0.430729 0.279630 0.009375 0.022222
15 0.418229 0.073148 0.032292 0.016667
2 0.229167 0.935185 0.041667 0.059259
12 0.485417 0.881481 0.020833 0.040741
14 0.621354 0.093519 0.021875 0.027778
4 0.458333 0.488889 0.047917 0.033333
6 0.388021 0.785185 0.032292 0.025926
7 0.504167 0.220370 0.033333 0.022222
1 0.575000 0.781481 0.131250 0.011111
8 0.150000 0.437963 0.031250 0.031481
