3 0.442708 0.390741 0.037500 0.085185
5 0.551562 0.464815 0.165625 0.225926
9 0.891667 0.110185 0.083333 0.164815
13 0.123438 0.298148 0.048958 0.100000
0 0.593229 0.417593 0.123958 0.216667
11 0.090625 0.747222 0.047917 0.098148
10 0.323437 0.892593 0.026042 0.062963
15 0.069271 0.737963 0.044792 0.024074
2 0.280729 0.360185 0.132292 0.190741
12 0.554167 0.166667 0.068750 0.137037
14 0.316667 0.040741 0.047917 0.062963
4 0.222917 0.706481 0.093750 0.064815
6 0.835417 0.881481 0.075000 0.062963
7 0.306250 0.717593 0.066667 0.046296
1 0.504167 0.275926 0.252083 0.022222
8 0.078646 0.114815 0.061458 0.062963
