3 0.989062 0.897222 0.009375 0.020370
5 0.853125 0.315741 0.031250 0.042593
9 0.805208 0.501852 0.018750 0.037037
13 0.047917 0.727778 0.012500 0.025926
0 0.558854 0.269444 0.032292 0.057407
11 0.751042 0.479630 0.012500 0.025926
10 0.266667 0.909259 0.006250 0.014815
15 0.279687 0.019444 0.017708 0.009259
2 0.451562 0.415741 0.034375 0.050000
12 0.931250 0.031481 0.014583 0.029630
14 0.008333 0.061111 0.006250 0.007407
4 0.298438 0.151852 0.015625 0.011111
6 0.464062 0.987037 0.017708 0.014815
7 0.425521 0.504630 0.015625 0.009259
1 0.146354 0.716667 0.046875 0.007407
8 0.220833 0.242593 0.014583 0.014815
