3 0.113021 0.320370 0.015625 0.037037
5 0.531250 0.726852 0.066667 0.090741
9 0.196875 0.642593 0.020833 0.040741
13 0.607812 0.567593 0.026042 0.053704
0 0.900521 0.790741 0.115625 0.200000
11 0.880208 0.103704 0.029167 0.059259
10 0.107292 0.099074 0.016667 0.038889
15 0.509896 0.077778 0.019792 0.011111
2 0.368229 0.076852 0.040625 0.057407
12 0.672396 0.162963 0.021875 0.044444
14 0.896875 0.658333 0.012500 0.016667
4 0.625000 0.061111 0.043750 0.029630
6 0.739583 0.567593 0.025000 0.020370
7 0.574479 0.245370 0.030208 0.020370
1 0.511979 0.288889 0.119792 0.011111
8 0.523958 0.782407 0.025000 0.024074
