3 0.477083 0.504630 0.035417 0.079630
5 0.383333 0.912037 0.122917 0.168519
9 0.426042 0.252778 0.068750 0.135185
13 0.916146 0.626852 0.042708 0.087037
0 0.291667 0.408333 0.125000 0.216667
11 0.054167 0.123148 0.066667 0.135185
10 0.931250 0.514815 0.029167 0.070370
15 0.936979 0.715741 0.038542 0.020370
2 0.868229 0.755556 0.086458 0.125926
12 0.630729 0.526852 0.071875 0.142593
14 0.482812 0.404630 0.028125 0.035185
4 0.185417 0.312963 0.108333 0.074074
6 0.485417 0.200000 0.045833 0.037037
7 0.682292 0.800000 0.060417 0.040741
1 0.769271 0.489815 0.192708 0.016667
8 0.845313 0.650926 0.053125 0.053704
