3 0.412500 0.575926 0.043750 0.100000
5 0.855729 0.231481 0.171875 0.233333
9 0.054167 0.537963 0.060417 0.120370
13 0.125000 0.460185 0.037500 0.075926
0 0.372396 0.698148 0.226042 0.392593
11 0.905208 0.288889 0.041667 0.085185
10 0.035417 0.480556 0.037500 0.090741
15 0.296354 0.230556 0.057292 0.031481
2 0.230729 0.253704 0.103125 0.148148
12 0.805208 0.166667 0.083333 0.166667
14 0.727083 0.715741 0.027083 0.035185
4 0.226042 0.678704 0.106250 0.072222
6 0.503646 0.079630 0.048958 0.040741
7 0.100000 0.286111 0.068750 0.046296
1 0.613021 0.066667 0.209375 0.018519
8 0.717708 0.870370 0.072917 0.074074
