3 0.628125 0.110185 0.020833 0.046296
5 0.635417 0.752778 0.075000 0.101852
9 0.521875 0.194444 0.025000 0.048148
13 0.485938 0.405556 0.032292 0.066667
0 0.123438 0.078704 0.088542 0.153704
11 0.424479 0.919444 0.019792 0.038889
10 0.813021 0.200000 0.009375 0.022222
15 0.619271 0.475926 0.026042 0.014815
2 0.392708 0.374074 0.077083 0.111111
12 0.949479 0.362037 0.030208 0.061111
14 0.874479 0.136111 0.013542 0.016667
4 0.263021 0.530556 0.030208 0.020370
6 0.805208 0.380556 0.033333 0.027778
7 0.118750 0.851852 0.027083 0.018519
1 0.345833 0.818519 0.125000 0.011111
8 0.655729 0.736111 0.028125 0.027778
