3 0.904687 0.671296 0.013542 0.031481
5 0.445833 0.108333 0.085417 0.116667
9 0.711458 0.812963 0.039583 0.077778
13 0.295833 0.389815 0.016667 0.035185
0 0.229687 0.239815 0.073958 0.127778
11 0.550000 0.419444 0.020833 0.042593
10 0.791146 0.776852 0.013542 0.031481
15 0.284375 0.650926 0.031250 0.016667
2 0.475000 0.240741 0.075000 0.107407
12 0.251563 0.512037 0.038542 0.075926
14 0.379167 0.856481 0.025000 0.031481
4 0.121875 0.117593 0.039583 0.027778
6 0.473438 0.536111 0.021875 0.016667
7 0.413542 0.425926 0.022917 0.014815
1 0.159896 0.459259 0.076042 0.007407
8 0.673958 0.530556 0.031250 0.031481
