3 0.582292 0.121296 0.025000 0.057407
5 0.094792 0.174074 0.070833 0.096296
9 0.715104 0.072222 0.026042 0.051852
13 0.654167 0.591667 0.031250 0.064815
0 0.707292 0.838889 0.083333 0.144444
11 0.672396 0.321296 0.026042 0.053704
10 0.493229 0.044444 0.017708 0.044444
15 0.287500 0.912037 0.022917 0.012963
2 0.268750 0.681481 0.045833 0.066667
12 0.561458 0.537037 0.022917 0.044444
14 0.839583 0.751852 0.016667 0.022222
4 0.327083 0.090741 0.037500 0.025926
6 0.945312 0.181481 0.026042 0.022222
7 0.227083 0.525000 0.031250 0.020370
1 0.575000 0.612037 0.108333 0.009259
8 0.510938 0.803704 0.036458 0.037037
