3 0.381250 0.207407 0.045833 0.103704
5 0.479167 0.185185 0.114583 0.155556
9 0.037500 0.450000 0.066667 0.133333
13 0.964583 0.489815 0.035417 0.072222
0 0.075521 0.556481 0.121875 0.212963
11 0.189583 0.864815 0.056250 0.114815
10 0.960938 0.378704 0.021875 0.053704
15 0.119271 0.284259 0.071875 0.038889
2 0.205208 0.243519 0.106250 0.153704
12 0.605729 0.839815 0.078125 0.153704
14 0.651563 0.456481 0.044792 0.057407
4 0.737500 0.675926 0.064583 0.044444
6 0.258854 0.558333 0.078125 0.064815
7 0.651563 0.966667 0.038542 0.025926
1 0.598958 0.787963 0.220833 0.020370
8 0.854688 0.828704 0.073958 0.075926
