3 0.763542 0.029630 0.010417 0.022222
5 0.603125 0.309259 0.029167 0.040741
9 0.272917 0.792593 0.014583 0.029630
13 0.650000 0.251852 0.014583 0.029630
0 0.220833 0.069444 0.045833 0.079630
11 0.047396 0.118519 0.015625 0.033333
10 0.722917 0.758333 0.008333 0.020370
15 0.620313 0.176852 0.017708 0.009259
2 0.039583 0.410185 0.037500 0.053704
12 0.741146 0.323148 0.017708 0.035185
14 0.687500 0.241667 0.008333 0.009259
4 0.632292 0.528704 0.020833 0.012963
6 0.843750 0.357407 0.018750 0.014815
7 0.574479 0.019444 0.013542 0.009259
1 0.495833 0.866667 0.047917 0.007407
8 0.029687 0.540741 0.011458 0.011111
