3 0.292187 0.926852 0.021875 0.050000
5 0.627604 0.577778 0.092708 0.125926
9 0.594792 0.777778 0.041667 0.081481
13 0.198437 0.811111 0.017708 0.037037
0 0.830208 0.322222 0.116667 0.203704
11 0.711458 0.573148 0.031250 0.064815
10 0.852604 0.090741 0.013542 0.033333
15 0.821354 0.490741 0.028125 0.014815
2 0.740625 0.303704 0.058333 0.085185
12 0.513021 0.055556 0.026042 0.051852
14 0.298438 0.750000 0.015625 0.018519
4 0.204167 0.837037 0.029167 0.018519
6 0.817187 0.441667 0.038542 0.031481
7 0.866667 0.945370 0.018750 0.012963
1 0.660417 0.708333 0.110417 0.009259
8 0.618750 0.486111 0.039583 0.038889
