3 0.353646 0.192593 0.011458 0.025926
5 0.960938 0.723148 0.042708 0.057407
9 0.920312 0.758333 0.017708 0.035185
13 0.092708 0.306481 0.012500 0.024074
0 0.934896 0.794444 0.053125 0.092593
11 0.893750 0.079630 0.014583 0.029630
10 0.877604 0.772222 0.007292 0.018519
15 0.248438 0.837963 0.017708 0.009259
2 0.711979 0.912963 0.028125 0.040741
12 0.677604 0.723148 0.013542 0.027778
14 0.312500 0.468519 0.006250 0.007407
4 0.541146 0.988889 0.017708 0.011111
6 0.081250 0.843519 0.012500 0.009259
7 0.684375 0.166667 0.012500 0.007407
1 0.095833 0.496296 0.033333 0.007407
8 0.161458 0.663889 0.020833 0.020370
