3 0.415104 0.382407 0.013542 0.031481
5 0.727083 0.160185 0.091667 0.124074
9 0.303125 0.715741 0.041667 0.083333
13 0.867188 0.637037 0.032292 0.066667
0 0.669271 0.494444 0.063542 0.111111
11 0.837500 0.838889 0.029167 0.059259
10 0.260937 0.349074 0.011458 0.027778
15 0.366146 0.450926 0.026042 0.012963
2 0.722917 0.154630 0.039583 0.057407
12 0.885417 0.962963 0.022917 0.044444
14 0.303125 0.581481 0.022917 0.029630
4 0.308854 0.890741 0.044792 0.029630
6 0.568750 0.610185 0.043750 0.035185
7 0.352083 0.090741 0.037500 0.025926
1 0.465104 0.179630 0.080208 0.007407
8 0.176042 0.057407 0.039583 0.040741
