3 0.934375 0.345370 0.008333 0.020370
5 0.785937 0.256481 0.034375 0.046296
9 0.657813 0.434259 0.015625 0.031481
13 0.322917 0.708333 0.012500 0.024074
0 0.827604 0.338889 0.057292 0.100000
11 0.980208 0.308333 0.008333 0.016667
10 0.904687 0.331481 0.007292 0.018519
15 0.604167 0.124074 0.012500 0.007407
2 0.733333 0.023148 0.031250 0.046296
12 0.508333 0.498148 0.014583 0.029630
14 0.436979 0.155556 0.009375 0.011111
4 0.139583 0.972222 0.027083 0.018519
6 0.300521 0.841667 0.021875 0.016667
7 0.966667 0.925926 0.016667 0.011111
1 0.395313 0.607407 0.044792 0.007407
8 0.915104 0.798148 0.021875 0.022222
