3 0.410417 0.338889 0.041667 0.096296
5 0.805729 0.842593 0.184375 0.251852
9 0.858854 0.174074 0.073958 0.148148
13 0.145313 0.568519 0.051042 0.103704
0 0.764583 0.501852 0.179167 0.311111
11 0.088021 0.360185 0.055208 0.112963
10 0.699479 0.341667 0.023958 0.057407
15 0.307812 0.783333 0.073958 0.040741
2 0.487500 0.593519 0.137500 0.198148
12 0.843229 0.807407 0.046875 0.092593
14 0.855729 0.587037 0.040625 0.051852
4 0.522396 0.522222 0.082292 0.055556
6 0.512500 0.913889 0.083333 0.068519
7 0.381771 0.225000 0.057292 0.038889
1 0.858854 0.856481 0.151042 0.012963
8 0.037500 0.344444 0.056250 0.055556
