3 0.439583 0.079630 0.014583 0.033333
5 0.249479 0.121296 0.069792 0.094444
9 0.921354 0.690741 0.028125 0.055556
13 0.365625 0.726852 0.033333 0.068519
0 0.093750 0.160185 0.106250 0.183333
11 0.249479 0.037963 0.030208 0.061111
10 0.131250 0.345370 0.014583 0.035185
15 0.236458 0.105556 0.033333 0.018519
2 0.644271 0.914815 0.071875 0.103704
12 0.439583 0.387037 0.035417 0.070370
14 0.037500 0.075000 0.025000 0.031481
4 0.550000 0.631481 0.047917 0.033333
6 0.809896 0.735185 0.021875 0.018519
7 0.775521 0.238889 0.021875 0.014815
1 0.558854 0.701852 0.128125 0.011111
8 0.800000 0.468519 0.039583 0.040741
