3 0.377083 0.415741 0.031250 0.072222
5 0.714063 0.166667 0.171875 0.233333
9 0.513021 0.549074 0.071875 0.142593
13 0.829167 0.823148 0.033333 0.068519
0 0.920833 0.152778 0.145833 0.253704
11 0.643229 0.753704 0.038542 0.077778
10 0.699479 0.026852 0.021875 0.053704
15 0.714583 0.343519 0.068750 0.038889
2 0.575000 0.679630 0.120833 0.174074
12 0.464583 0.106481 0.062500 0.124074
14 0.408333 0.924074 0.029167 0.037037
4 0.272396 0.597222 0.098958 0.068519
6 0.524479 0.835185 0.057292 0.048148
7 0.501042 0.810185 0.062500 0.042593
1 0.443229 0.632407 0.190625 0.016667
8 0.930729 0.926852 0.044792 0.046296
