3 0.879687 0.130556 0.038542 0.087037
5 0.123438 0.655556 0.186458 0.255556
9 0.423958 0.102778 0.058333 0.116667
13 0.113542 0.225000 0.035417 0.072222
0 0.722917 0.774074 0.181250 0.314815
11 0.225521 0.588889 0.057292 0.114815
10 0.365104 0.093519 0.028125 0.068519
15 0.786979 0.173148 0.051042 0.027778
2 0.456250 0.619444 0.147917 0.212963
12 0.233854 0.070370 0.065625 0.129630
14 0.139583 0.404630 0.025000 0.031481
4 0.090625 0.665741 0.085417 0.057407
6 0.304167 0.678704 0.047917 0.038889
7 0.140625 0.974074 0.064583 0.044444
1 0.575000 0.365741 0.193750 0.016667
8 0.434375 0.695370 0.083333 0.083333
