3 0.892708 0.412037 0.025000 0.057407
5 0.883333 0.550000 0.054167 0.074074
9 0.366146 0.314815 0.030208 0.059259
13 0.708854 0.876852 0.026042 0.053704
0 0.256771 0.530556 0.105208 0.183333
11 0.394792 0.026852 0.016667 0.035185
10 0.970313 0.405556 0.013542 0.033333
15 0.642708 0.211111 0.035417 0.018519
2 0.732812 0.345370 0.044792 0.064815
12 0.264062 0.732407 0.023958 0.046296
14 0.459896 0.366667 0.019792 0.025926
4 0.651042 0.266667 0.039583 0.025926
6 0.498958 0.522222 0.037500 0.029630
7 0.612500 0.228704 0.031250 0.020370
1 0.690104 0.212037 0.101042 0.009259
8 0.604167 0.407407 0.022917 0.022222
