3 0.678125 0.647222 0.014583 0.031481
5 0.481250 0.903704 0.079167 0.107407
9 0.210417 0.864815 0.035417 0.070370
13 0.060417 0.555556 0.027083 0.055556
0 0.434896 0.813889 0.084375 0.146296
11 0.558854 0.914815 0.023958 0.048148
10 0.861979 0.585185 0.011458 0.025926
15 0.518229 0.985185 0.028125 0.014815
2 0.383333 0.249074 0.047917 0.068519
12 0.929688 0.239815 0.030208 0.061111
14 0.063021 0.548148 0.023958 0.029630
4 0.340625 0.782407 0.039583 0.027778
6 0.964583 0.880556 0.039583 0.031481
7 0.466667 0.287037 0.037500 0.025926
1 0.661458 0.566667 0.097917 0.007407
8 0.632812 0.025000 0.028125 0.027778
