3 0.921354 0.279630 0.017708 0.040741
5 0.550000 0.236111 0.085417 0.116667
9 0.413542 0.613889 0.025000 0.050000
13 0.050000 0.657407 0.027083 0.055556
0 0.307812 0.224074 0.115625 0.200000
11 0.460938 0.950926 0.030208 0.061111
10 0.336458 0.970370 0.016667 0.040741
15 0.034896 0.772222 0.019792 0.011111
2 0.404687 0.871296 0.080208 0.116667
12 0.373437 0.951852 0.032292 0.062963
14 0.872396 0.987963 0.015625 0.020370
4 0.219271 0.337037 0.038542 0.025926
6 0.045833 0.205556 0.039583 0.033333
7 0.521875 0.115741 0.025000 0.016667
1 0.267188 0.041667 0.117708 0.009259
8 0.073438 0.064815 0.021875 0.022222
