3 0.910417 0.405556 0.037500 0.085185
5 0.831771 0.268519 0.192708 0.262963
9 0.197917 0.385185 0.052083 0.103704
13 0.159896 0.357407 0.067708 0.137037
0 0.478646 0.807407 0.178125 0.311111
11 0.080208 0.663889 0.052083 0.105556
10 0.315104 0.710185 0.019792 0.046296
15 0.835417 0.307407 0.068750 0.037037
2 0.724479 0.115741 0.090625 0.131481
12 0.638021 0.542593 0.078125 0.155556
14 0.283333 0.259259 0.047917 0.062963
4 0.715625 0.177778 0.081250 0.055556
6 0.482812 0.546296 0.044792 0.037037
7 0.594271 0.344444 0.063542 0.044444
1 0.393229 0.219444 0.155208 0.012963
8 0.928125 0.120370 0.083333 0.085185
