3 0.314583 0.226852 0.027083 0.061111
5 0.057813 0.704630 0.105208 0.142593
9 0.391146 0.187963 0.071875 0.142593
13 0.720313 0.335185 0.048958 0.100000
0 0.097396 0.373148 0.192708 0.335185
11 0.860417 0.079630 0.045833 0.092593
10 0.536979 0.844444 0.019792 0.048148
15 0.295833 0.072222 0.075000 0.040741
2 0.881250 0.537037 0.081250 0.118519
12 0.507292 0.288889 0.047917 0.096296
14 0.600521 0.446296 0.026042 0.033333
4 0.043750 0.463889 0.058333 0.038889
6 0.119792 0.915741 0.083333 0.068519
7 0.602083 0.244444 0.060417 0.040741
1 0.284896 0.962963 0.163542 0.014815
8 0.394271 0.842593 0.076042 0.077778
