3 0.838021 0.522222 0.013542 0.029630
5 0.564063 0.478704 0.026042 0.035185
9 0.569271 0.756481 0.015625 0.031481
13 0.708333 0.332407 0.008333 0.016667
0 0.800521 0.493519 0.059375 0.101852
11 0.030208 0.203704 0.012500 0.025926
10 0.882292 0.133333 0.004167 0.011111
15 0.776042 0.564815 0.010417 0.007407
2 0.866667 0.900926 0.027083 0.038889
12 0.516667 0.759259 0.018750 0.037037
14 0.910417 0.537037 0.010417 0.014815
4 0.720313 0.133333 0.017708 0.011111
6 0.506771 0.842593 0.017708 0.014815
7 0.856250 0.224074 0.012500 0.007407
1 0.956771 0.322222 0.036458 0.007407
8 0.282813 0.378704 0.015625 0.016667
