3 0.297917 0.806481 0.031250 0.072222
5 0.383333 0.355556 0.172917 0.237037
9 0.361458 0.761111 0.083333 0.166667
13 0.925000 0.100000 0.043750 0.088889
0 0.681771 0.559259 0.219792 0.381481
11 0.696354 0.181481 0.067708 0.137037
10 0.219271 0.151852 0.019792 0.048148
15 0.768229 0.549074 0.036458 0.020370
2 0.322917 0.723148 0.150000 0.216667
12 0.342187 0.244444 0.061458 0.122222
14 0.790625 0.070370 0.045833 0.059259
4 0.395313 0.087037 0.096875 0.066667
6 0.529167 0.411111 0.070833 0.059259
7 0.954688 0.636111 0.073958 0.050000
1 0.526042 0.545370 0.145833 0.012963
8 0.695312 0.894444 0.080208 0.081481
