3 0.718750 0.334259 0.022917 0.053704
5 0.921875 0.488889 0.087500 0.118519
9 0.284896 0.387963 0.030208 0.061111
13 0.292187 0.600000 0.021875 0.044444
0 0.286979 0.458333 0.069792 0.120370
11 0.221875 0.101852 0.029167 0.059259
10 0.570833 0.841667 0.014583 0.035185
15 0.873958 0.837037 0.027083 0.014815
2 0.586979 0.489815 0.076042 0.109259
12 0.520312 0.388889 0.028125 0.055556
14 0.269792 0.742593 0.022917 0.029630
4 0.951042 0.023148 0.035417 0.024074
6 0.160417 0.570370 0.022917 0.018519
7 0.576562 0.680556 0.030208 0.020370
1 0.725000 0.439815 0.104167 0.009259
8 0.207813 0.532407 0.034375 0.035185
