3 0.298438 0.087037 0.009375 0.022222
5 0.154167 0.217593 0.031250 0.042593
9 0.287500 0.256481 0.010417 0.020370
13 0.976042 0.633333 0.014583 0.029630
0 0.370312 0.053704 0.032292 0.055556
11 0.390104 0.647222 0.015625 0.031481
10 0.971354 0.620370 0.005208 0.014815
15 0.253646 0.462037 0.015625 0.009259
2 0.128646 0.696296 0.026042 0.037037
12 0.355208 0.946296 0.010417 0.022222
14 0.108854 0.155556 0.009375 0.011111
4 0.935417 0.678704 0.025000 0.016667
6 0.290104 0.311111 0.017708 0.014815
7 0.463542 0.960185 0.014583 0.009259
1 0.036979 0.033333 0.053125 0.007407
8 0.183854 0.905556 0.011458 0.011111
