3 0.037500 0.400000 0.010417 0.025926
5 0.845313 0.941667 0.026042 0.035185
9 0.147396 0.309259 0.013542 0.025926
13 0.333333 0.298148 0.010417 0.022222
0 0.167708 0.093519 0.056250 0.098148
11 0.286979 0.075926 0.009375 0.018519
10 0.800521 0.606481 0.007292 0.016667
15 0.323958 0.453704 0.014583 0.007407
2 0.259375 0.560185 0.037500 0.053704
12 0.638542 0.330556 0.010417 0.020370
14 0.944271 0.214815 0.011458 0.014815
4 0.238021 0.041667 0.013542 0.009259
6 0.981771 0.622222 0.021875 0.018519
7 0.343750 0.429630 0.012500 0.007407
1 0.527083 0.353704 0.041667 0.007407
8 0.179688 0.538889 0.011458 0.011111
