3 0.488021 0.041667 0.021875 0.050000
5 0.356250 0.522222 0.079167 0.107407
9 0.530729 0.448148 0.028125 0.055556
13 0.219271 0.342593 0.021875 0.044444
0 0.270833 0.445370 0.112500 0.194444
11 0.864062 0.036111 0.032292 0.064815
10 0.157292 0.063889 0.018750 0.046296
15 0.580729 0.392593 0.034375 0.018519
2 0.201563 0.613889 0.055208 0.079630
12 0.813021 0.187037 0.028125 0.055556
14 0.194792 0.579630 0.014583 0.018519
4 0.046875 0.851852 0.047917 0.033333
6 0.260937 0.944444 0.044792 0.037037
7 0.066146 0.723148 0.019792 0.012963
1 0.229687 0.674074 0.088542 0.007407
8 0.368229 0.804630 0.028125 0.027778
