3 0.096875 0.612963 0.008333 0.018519
5 0.564063 0.394444 0.038542 0.051852
9 0.267188 0.217593 0.015625 0.031481
13 0.698438 0.967593 0.013542 0.027778
0 0.730729 0.331481 0.040625 0.070370
11 0.340104 0.676852 0.013542 0.027778
10 0.634896 0.647222 0.007292 0.016667
15 0.289583 0.705556 0.014583 0.007407
2 0.208854 0.750000 0.019792 0.029630
12 0.684375 0.472222 0.020833 0.040741
14 0.909375 0.383333 0.008333 0.011111
4 0.090625 0.273148 0.025000 0.016667
6 0.057292 0.535185 0.018750 0.014815
7 0.373437 0.412963 0.017708 0.011111
1 0.924479 0.259259 0.034375 0.007407
8 0.772396 0.691667 0.019792 0.020370
