3 0.918750 0.467593 0.047917 0.109259
5 0.744792 0.406481 0.191667 0.261111
9 0.183333 0.360185 0.047917 0.094444
13 0.317708 0.568519 0.041667 0.085185
0 0.667708 0.482407 0.150000 0.261111
11 0.376563 0.359259 0.065625 0.133333
10 0.818750 0.860185 0.035417 0.087037
15 0.481250 0.724074 0.062500 0.033333
2 0.147917 0.187037 0.089583 0.129630
12 0.910417 0.184259 0.052083 0.101852
14 0.905208 0.736111 0.050000 0.064815
4 0.157812 0.109259 0.082292 0.055556
6 0.333854 0.372222 0.071875 0.059259
7 0.512500 0.897222 0.072917 0.050000
1 0.105208 0.699074 0.150000 0.012963
8 0.892708 0.377778 0.081250 0.081481
