3 0.863542 0.490741 0.022917 0.051852
5 0.101562 0.926852 0.053125 0.072222
9 0.917708 0.337963 0.029167 0.057407
13 0.542708 0.371296 0.020833 0.042593
0 0.258333 0.709259 0.075000 0.129630
11 0.755208 0.675000 0.016667 0.035185
10 0.907813 0.862963 0.015625 0.037037
15 0.956771 0.603704 0.019792 0.011111
2 0.932292 0.864815 0.068750 0.100000
12 0.967708 0.355556 0.039583 0.077778
14 0.909375 0.075926 0.014583 0.018519
4 0.244792 0.415741 0.045833 0.031481
6 0.932813 0.262963 0.021875 0.018519
7 0.271875 0.497222 0.031250 0.020370
1 0.802604 0.009259 0.065625 0.007407
8 0.805208 0.787963 0.039583 0.038889
