3 0.035417 0.511111 0.029167 0.066667
5 0.155729 0.924074 0.103125 0.140741
9 0.492188 0.764815 0.084375 0.166667
13 0.664062 0.319444 0.059375 0.120370
0 0.815625 0.500000 0.170833 0.296296
11 0.482292 0.536111 0.062500 0.127778
10 0.904167 0.668519 0.025000 0.059259
15 0.356250 0.737037 0.072917 0.040741
2 0.696875 0.101852 0.120833 0.174074
12 0.794792 0.778704 0.083333 0.164815
14 0.207813 0.075000 0.046875 0.061111
4 0.670312 0.671296 0.078125 0.053704
6 0.428125 0.343519 0.068750 0.057407
7 0.798958 0.801852 0.060417 0.040741
1 0.793229 0.328704 0.223958 0.020370
8 0.286458 0.137963 0.079167 0.079630
