3 0.175000 0.623148 0.016667 0.038889
5 0.126042 0.834259 0.064583 0.087037
9 0.322917 0.170370 0.029167 0.059259
13 0.250000 0.136111 0.033333 0.068519
0 0.827604 0.521296 0.117708 0.205556
11 0.132812 0.552778 0.026042 0.053704
10 0.792188 0.662037 0.017708 0.042593
15 0.730208 0.324074 0.033333 0.018519
2 0.178125 0.486111 0.050000 0.072222
12 0.647396 0.900000 0.019792 0.040741
14 0.871875 0.513889 0.025000 0.031481
4 0.347396 0.050926 0.046875 0.031481
6 0.077083 0.387963 0.041667 0.035185
7 0.247917 0.662963 0.022917 0.014815
1 0.356250 0.879630 0.066667 0.007407
8 0.202083 0.575926 0.029167 0.029630
