3 0.092708 0.706481 0.025000 0.057407
5 0.338021 0.080556 0.053125 0.072222
9 0.894792 0.933333 0.025000 0.048148
13 0.294271 0.432407 0.028125 0.057407
0 0.895833 0.750000 0.081250 0.140741
11 0.102083 0.736111 0.025000 0.050000
10 0.024479 0.847222 0.013542 0.031481
15 0.945312 0.109259 0.034375 0.018519
2 0.732292 0.455556 0.068750 0.100000
12 0.215625 0.048148 0.029167 0.059259
14 0.465625 0.575000 0.020833 0.027778
4 0.171875 0.278704 0.035417 0.024074
6 0.231250 0.627778 0.035417 0.029630
7 0.722917 0.452778 0.031250 0.020370
1 0.626042 0.588889 0.068750 0.007407
8 0.044792 0.544444 0.043750 0.044444
