3 0.343750 0.337963 0.050000 0.112963
5 0.281250 0.256481 0.185417 0.253704
9 0.519792 0.570370 0.072917 0.144444
13 0.422396 0.676852 0.065625 0.135185
0 0.775000 0.497222 0.202083 0.350000
11 0.191146 0.324074 0.046875 0.096296
10 0.859896 0.525926 0.034375 0.081481
15 0.659896 0.487037 0.073958 0.040741
2 0.665104 0.860185 0.144792 0.209259
12 0.348438 0.626852 0.057292 0.112963
14 0.888021 0.215741 0.036458 0.046296
4 0.930729 0.783333 0.092708 0.062963
6 0.511979 0.295370 0.078125 0.064815
7 0.354167 0.756481 0.056250 0.038889
1 0.741146 0.055556 0.201042 0.018519
8 0.023958 0.802778 0.045833 0.046296
