3 0.028125 0.477778 0.014583 0.033333
5 0.442188 0.895370 0.063542 0.087037
9 0.844271 0.165741 0.038542 0.075926
13 0.878646 0.968519 0.021875 0.044444
0 0.764062 0.124074 0.113542 0.196296
11 0.461458 0.630556 0.020833 0.042593
10 0.761979 0.621296 0.017708 0.042593
15 0.386458 0.246296 0.027083 0.014815
2 0.933854 0.191667 0.069792 0.101852
12 0.374479 0.235185 0.019792 0.040741
14 0.085417 0.021296 0.016667 0.020370
4 0.021875 0.074074 0.033333 0.022222
6 0.624479 0.721296 0.034375 0.027778
7 0.752604 0.648148 0.028125 0.018519
1 0.389062 0.975926 0.086458 0.007407
8 0.450000 0.725000 0.027083 0.027778
