3 0.495833 0.494444 0.012500 0.029630
5 0.357292 0.703704 0.027083 0.037037
9 0.658333 0.153704 0.020833 0.040741
13 0.482292 0.812963 0.012500 0.025926
0 0.118229 0.789815 0.053125 0.090741
11 0.702083 0.966667 0.016667 0.033333
10 0.654167 0.371296 0.008333 0.020370
15 0.286458 0.394444 0.014583 0.007407
2 0.928646 0.787963 0.019792 0.027778
12 0.227083 0.463889 0.012500 0.024074
14 0.771354 0.191667 0.007292 0.009259
4 0.175000 0.797222 0.014583 0.009259
6 0.109896 0.643519 0.019792 0.016667
7 0.180208 0.744444 0.010417 0.007407
1 0.652083 0.670370 0.056250 0.007407
8 0.828646 0.160185 0.015625 0.016667
