3 0.188542 0.472222 0.016667 0.037037
5 0.848437 0.061111 0.061458 0.085185
9 0.833854 0.684259 0.021875 0.042593
13 0.200000 0.607407 0.016667 0.033333
0 0.691146 0.734259 0.105208 0.183333
11 0.519271 0.054630 0.030208 0.061111
10 0.897917 0.043519 0.010417 0.024074
15 0.447917 0.475926 0.035417 0.018519
2 0.684896 0.872222 0.048958 0.070370
12 0.208854 0.601852 0.023958 0.048148
14 0.558333 0.787037 0.020833 0.025926
4 0.210417 0.372222 0.043750 0.029630
6 0.120833 0.169444 0.029167 0.024074
7 0.390104 0.088889 0.034375 0.022222
1 0.281771 0.714815 0.130208 0.011111
8 0.142187 0.202778 0.042708 0.042593
