3 0.640625 0.847222 0.010417 0.024074
5 0.538542 0.755556 0.025000 0.033333
9 0.680729 0.690741 0.011458 0.022222
13 0.213021 0.289815 0.013542 0.027778
0 0.413542 0.326852 0.052083 0.090741
11 0.865104 0.123148 0.013542 0.027778
10 0.852083 0.535185 0.006250 0.014815
15 0.092188 0.798148 0.013542 0.007407
2 0.960938 0.036111 0.034375 0.050000
12 0.875000 0.274074 0.010417 0.022222
14 0.538542 0.253704 0.008333 0.011111
4 0.827083 0.902778 0.018750 0.012963
6 0.661458 0.931481 0.018750 0.014815
7 0.522917 0.788889 0.016667 0.011111
1 0.351562 0.909259 0.032292 0.007407
8 0.748958 0.350926 0.020833 0.020370
