3 0.317708 0.817593 0.022917 0.053704
5 0.370833 0.154630 0.060417 0.083333
9 0.184375 0.390741 0.029167 0.059259
13 0.934896 0.678704 0.026042 0.053704
0 0.841667 0.288889 0.108333 0.188889
11 0.722917 0.661111 0.029167 0.059259
10 0.672396 0.816667 0.013542 0.033333
15 0.119792 0.747222 0.025000 0.012963
2 0.464062 0.814815 0.051042 0.074074
12 0.304167 0.901852 0.022917 0.044444
14 0.882812 0.584259 0.015625 0.020370
4 0.124479 0.761111 0.034375 0.022222
6 0.702083 0.485185 0.031250 0.025926
7 0.972396 0.177778 0.028125 0.018519
1 0.614062 0.772222 0.092708 0.007407
8 0.854688 0.357407 0.021875 0.022222
