3 0.226042 0.891667 0.018750 0.042593
5 0.954688 0.073148 0.069792 0.094444
9 0.091667 0.059259 0.022917 0.044444
13 0.607812 0.927778 0.030208 0.062963
0 0.232813 0.608333 0.092708 0.161111
11 0.690625 0.434259 0.027083 0.053704
10 0.016146 0.521296 0.013542 0.031481
15 0.643229 0.260185 0.032292 0.016667
2 0.264062 0.142593 0.080208 0.114815
12 0.930729 0.508333 0.038542 0.075926
14 0.611979 0.194444 0.019792 0.025926
4 0.903125 0.793519 0.041667 0.027778
6 0.455729 0.523148 0.042708 0.035185
7 0.167708 0.544444 0.020833 0.014815
1 0.367708 0.507407 0.131250 0.011111
8 0.928125 0.919444 0.041667 0.042593
