3 0.640625 0.616667 0.031250 0.070370
5 0.841146 0.512963 0.186458 0.255556
9 0.797917 0.714815 0.064583 0.129630
13 0.872396 0.703704 0.034375 0.070370
0 0.282813 0.356481 0.173958 0.301852
11 0.112500 0.564815 0.062500 0.125926
10 0.457813 0.255556 0.026042 0.062963
15 0.556250 0.575000 0.058333 0.031481
2 0.075000 0.769444 0.112500 0.161111
12 0.883854 0.625000 0.078125 0.153704
14 0.882812 0.617593 0.051042 0.064815
4 0.361458 0.361111 0.097917 0.066667
6 0.610417 0.852778 0.079167 0.064815
7 0.414062 0.717593 0.073958 0.050000
1 0.326042 0.331481 0.204167 0.018519
8 0.954167 0.964815 0.052083 0.051852
