3 0.468229 0.679630 0.046875 0.107407
5 0.337500 0.815741 0.120833 0.164815
9 0.552083 0.508333 0.081250 0.161111
13 0.917188 0.893519 0.059375 0.120370
0 0.152604 0.150000 0.159375 0.277778
11 0.450521 0.872222 0.034375 0.070370
10 0.783333 0.927778 0.031250 0.074074
15 0.357292 0.295370 0.056250 0.031481
2 0.428125 0.301852 0.145833 0.211111
12 0.562500 0.702778 0.079167 0.157407
14 0.067187 0.672222 0.048958 0.062963
4 0.757812 0.498148 0.109375 0.074074
6 0.040104 0.419444 0.073958 0.061111
7 0.051042 0.125000 0.052083 0.035185
1 0.878125 0.330556 0.193750 0.016667
8 0.178646 0.398148 0.069792 0.070370
