3 0.742708 0.375926 0.010417 0.022222
5 0.418750 0.186111 0.041667 0.057407
9 0.090104 0.639815 0.013542 0.027778
13 0.395833 0.720370 0.014583 0.029630
0 0.614583 0.412037 0.054167 0.094444
11 0.096354 0.252778 0.011458 0.024074
10 0.992708 0.100000 0.008333 0.018519
15 0.430208 0.748148 0.010417 0.007407
2 0.617708 0.017593 0.025000 0.035185
12 0.171354 0.250926 0.013542 0.027778
14 0.841146 0.234259 0.007292 0.009259
4 0.442188 0.138889 0.021875 0.014815
6 0.033333 0.355556 0.014583 0.011111
7 0.846354 0.868519 0.017708 0.011111
1 0.419792 0.342593 0.043750 0.007407
8 0.620313 0.828704 0.013542 0.012963
