3 0.350000 0.536111 0.010417 0.024074
5 0.462500 0.875000 0.039583 0.053704
9 0.217708 0.300000 0.020833 0.040741
13 0.273958 0.162963 0.012500 0.025926
0 0.126042 0.517593 0.041667 0.072222
11 0.881250 0.362963 0.012500 0.025926
10 0.630729 0.849074 0.007292 0.016667
15 0.465625 0.504630 0.016667 0.009259
2 0.898958 0.958333 0.031250 0.046296
12 0.919792 0.334259 0.010417 0.020370
14 0.123438 0.810185 0.007292 0.009259
4 0.486979 0.356481 0.013542 0.009259
6 0.717708 0.530556 0.020833 0.016667
7 0.885938 0.571296 0.013542 0.009259
1 0.162500 0.687037 0.052083 0.007407
8 0.943750 0.237037 0.018750 0.018519
