3 0.876563 0.043519 0.023958 0.053704
5 0.558333 0.371296 0.050000 0.068519
9 0.185417 0.541667 0.025000 0.050000
13 0.458854 0.903704 0.028125 0.055556
0 0.646875 0.095370 0.058333 0.101852
11 0.187500 0.762963 0.025000 0.051852
10 0.295833 0.666667 0.018750 0.044444
15 0.477083 0.541667 0.018750 0.009259
2 0.430208 0.693519 0.058333 0.083333
12 0.473438 0.575926 0.026042 0.051852
14 0.955729 0.568519 0.023958 0.029630
4 0.576562 0.795370 0.040625 0.027778
6 0.214062 0.100926 0.042708 0.035185
7 0.483854 0.271296 0.023958 0.016667
1 0.471875 0.787037 0.127083 0.011111
8 0.294792 0.413889 0.035417 0.035185
