3 0.860417 0.959259 0.012500 0.029630
5 0.281250 0.665741 0.029167 0.038889
9 0.282292 0.113889 0.012500 0.024074
13 0.770833 0.789815 0.008333 0.016667
0 0.066146 0.474074 0.038542 0.066667
11 0.846354 0.312963 0.009375 0.018519
10 0.171875 0.702778 0.006250 0.016667
15 0.392188 0.664815 0.009375 0.007407
2 0.510938 0.584259 0.023958 0.035185
12 0.481771 0.191667 0.013542 0.027778
14 0.052604 0.741667 0.007292 0.009259
4 0.720833 0.075000 0.025000 0.016667
6 0.225521 0.575926 0.017708 0.014815
7 0.491146 0.692593 0.017708 0.011111
1 0.673958 0.685185 0.041667 0.007407
8 0.889062 0.063889 0.013542 0.012963
