3 0.495312 0.699074 0.007292 0.016667
5 0.129167 0.684259 0.029167 0.038889
9 0.418229 0.567593 0.017708 0.035185
13 0.194792 0.943519 0.010417 0.020370
0 0.833333 0.404630 0.058333 0.101852
11 0.378125 0.618519 0.012500 0.025926
10 0.175000 0.590741 0.006250 0.014815
15 0.380729 0.355556 0.009375 0.007407
2 0.694792 0.405556 0.033333 0.048148
12 0.665625 0.366667 0.020833 0.040741
14 0.824479 0.568519 0.011458 0.014815
4 0.966667 0.874074 0.020833 0.014815
6 0.170833 0.246296 0.014583 0.011111
7 0.908854 0.635185 0.017708 0.011111
1 0.477083 0.185185 0.035417 0.007407
8 0.355729 0.138889 0.011458 0.011111
