3 0.294271 0.623148 0.011458 0.027778
5 0.125521 0.125926 0.051042 0.070370
9 0.520312 0.192593 0.013542 0.025926
13 0.071875 0.774074 0.014583 0.029630
0 0.864062 0.690741 0.048958 0.085185
11 0.586979 0.143519 0.013542 0.027778
10 0.260417 0.433333 0.004167 0.011111
15 0.860417 0.378704 0.016667 0.009259
2 0.415104 0.594444 0.028125 0.040741
12 0.030729 0.553704 0.013542 0.025926
14 0.525000 0.642593 0.006250 0.007407
4 0.305208 0.137037 0.020833 0.014815
6 0.627083 0.400000 0.018750 0.014815
7 0.609896 0.972222 0.009375 0.007407
1 0.346875 0.548148 0.047917 0.007407
8 0.621875 0.139815 0.020833 0.020370
