3 0.169792 0.665741 0.027083 0.061111
5 0.825521 0.217593 0.205208 0.279630
9 0.117708 0.723148 0.066667 0.131481
13 0.640625 0.413889 0.039583 0.079630
0 0.694792 0.657407 0.127083 0.222222
11 0.917708 0.352778 0.033333 0.068519
10 0.222396 0.153704 0.023958 0.059259
15 0.679688 0.749074 0.057292 0.031481
2 0.691667 0.348148 0.097917 0.140741
12 0.307292 0.879630 0.070833 0.140741
14 0.371354 0.349074 0.028125 0.035185
4 0.423438 0.248148 0.065625 0.044444
6 0.758333 0.862037 0.079167 0.064815
7 0.751563 0.838889 0.059375 0.040741
1 0.364583 0.716667 0.208333 0.018519
8 0.306250 0.343519 0.075000 0.075926
