3 0.067187 0.385185 0.011458 0.025926
5 0.381250 0.207407 0.041667 0.055556
9 0.523958 0.350000 0.016667 0.033333
13 0.290625 0.637037 0.010417 0.022222
0 0.426563 0.190741 0.053125 0.092593
11 0.140625 0.761111 0.010417 0.022222
10 0.919271 0.396296 0.007292 0.018519
15 0.746875 0.075926 0.012500 0.007407
2 0.489063 0.495370 0.021875 0.031481
12 0.139063 0.857407 0.011458 0.022222
14 0.958333 0.951852 0.006250 0.007407
4 0.474479 0.026852 0.013542 0.009259
6 0.273438 0.152778 0.019792 0.016667
7 0.407292 0.607407 0.012500 0.007407
1 0.896875 0.029630 0.062500 0.007407
8 0.660417 0.110185 0.016667 0.016667
