3 0.905729 0.825926 0.019792 0.044444
5 0.695312 0.805556 0.067708 0.092593
9 0.063021 0.777778 0.023958 0.048148
13 0.048958 0.585185 0.016667 0.033333
0 0.570312 0.704630 0.067708 0.116667
11 0.625521 0.390741 0.019792 0.040741
10 0.787500 0.932407 0.012500 0.031481
15 0.928125 0.287963 0.018750 0.009259
2 0.539062 0.400926 0.076042 0.109259
12 0.113542 0.122222 0.020833 0.040741
14 0.407292 0.492593 0.022917 0.029630
4 0.646354 0.497222 0.053125 0.035185
6 0.252083 0.362963 0.027083 0.022222
7 0.758854 0.887963 0.026042 0.016667
1 0.096354 0.211111 0.067708 0.007407
8 0.066146 0.380556 0.042708 0.042593
