3 0.523438 0.738889 0.007292 0.018519
5 0.885938 0.397222 0.046875 0.064815
9 0.009375 0.762963 0.014583 0.029630
13 0.534375 0.673148 0.008333 0.016667
0 0.136979 0.207407 0.048958 0.085185
11 0.934375 0.981481 0.010417 0.022222
10 0.207813 0.796296 0.007292 0.018519
15 0.857812 0.354630 0.017708 0.009259
2 0.875521 0.204630 0.032292 0.046296
12 0.842187 0.621296 0.009375 0.020370
14 0.138542 0.789815 0.012500 0.016667
4 0.225000 0.635185 0.022917 0.014815
6 0.857292 0.957407 0.018750 0.014815
7 0.271354 0.084259 0.013542 0.009259
1 0.690625 0.201852 0.039583 0.007407
8 0.634375 0.811111 0.014583 0.014815
