3 0.398958 0.363889 0.012500 0.027778
5 0.237500 0.751852 0.047917 0.066667
9 0.666146 0.832407 0.013542 0.027778
13 0.899479 0.104630 0.011458 0.024074
0 0.581250 0.795370 0.045833 0.079630
11 0.785417 0.268519 0.014583 0.029630
10 0.459896 0.929630 0.005208 0.011111
15 0.133854 0.257407 0.009375 0.007407
2 0.964063 0.068519 0.028125 0.040741
12 0.710417 0.761111 0.020833 0.040741
14 0.744792 0.087963 0.010417 0.012963
4 0.989062 0.856481 0.013542 0.009259
6 0.025000 0.157407 0.014583 0.011111
7 0.585938 0.831481 0.017708 0.011111
1 0.130208 0.014815 0.045833 0.007407
8 0.271875 0.072222 0.014583 0.014815
