3 0.869271 0.679630 0.026042 0.059259
5 0.625521 0.226852 0.069792 0.094444
9 0.479687 0.949074 0.040625 0.079630
13 0.757812 0.037037 0.021875 0.044444
0 0.183333 0.357407 0.106250 0.185185
11 0.266146 0.725000 0.030208 0.061111
10 0.501042 0.369444 0.012500 0.031481
15 0.495312 0.746296 0.021875 0.011111
2 0.089063 0.140741 0.059375 0.085185
12 0.956250 0.767593 0.039583 0.079630
14 0.444792 0.375926 0.022917 0.029630
4 0.958333 0.364815 0.043750 0.029630
6 0.319271 0.874074 0.040625 0.033333
7 0.184375 0.614815 0.022917 0.014815
1 0.319271 0.241667 0.103125 0.009259
8 0.385937 0.742593 0.026042 0.025926
