3 0.782292 0.886111 0.027083 0.061111
5 0.092708 0.875000 0.068750 0.094444
9 0.027604 0.592593 0.023958 0.048148
13 0.931771 0.113889 0.028125 0.057407
0 0.144792 0.698148 0.089583 0.155556
11 0.543229 0.250926 0.028125 0.057407
10 0.618229 0.068519 0.017708 0.044444
15 0.395313 0.545370 0.036458 0.020370
2 0.841146 0.361111 0.069792 0.100000
12 0.423438 0.036111 0.021875 0.042593
14 0.438542 0.520370 0.022917 0.029630
4 0.657813 0.394444 0.044792 0.029630
6 0.746875 0.369444 0.037500 0.031481
7 0.916667 0.153704 0.027083 0.018519
1 0.441146 0.844444 0.094792 0.007407
8 0.865625 0.362963 0.029167 0.029630
