3 0.436979 0.862037 0.009375 0.020370
5 0.791667 0.300926 0.041667 0.057407
9 0.360938 0.739815 0.019792 0.038889
13 0.025521 0.300926 0.011458 0.024074
0 0.592187 0.093519 0.046875 0.079630
11 0.045312 0.761111 0.013542 0.025926
10 0.543229 0.883333 0.005208 0.011111
15 0.102083 0.712037 0.016667 0.009259
2 0.646354 0.587037 0.023958 0.033333
12 0.482292 0.201852 0.016667 0.033333
14 0.392708 0.511111 0.008333 0.011111
4 0.733854 0.093519 0.023958 0.016667
6 0.542188 0.058333 0.015625 0.012963
7 0.391667 0.586111 0.012500 0.009259
1 0.298958 0.611111 0.064583 0.007407
8 0.683333 0.806481 0.020833 0.020370
