3 0.982812 0.495370 0.015625 0.035185
5 0.780729 0.553704 0.092708 0.125926
9 0.964063 0.132407 0.032292 0.064815
13 0.792708 0.503704 0.031250 0.062963
0 0.639583 0.700926 0.120833 0.209259
11 0.870833 0.212037 0.029167 0.061111
10 0.692187 0.800926 0.017708 0.042593
15 0.124479 0.876852 0.030208 0.016667
2 0.607292 0.962037 0.050000 0.072222
12 0.096875 0.718519 0.037500 0.074074
14 0.136458 0.593519 0.016667 0.020370
4 0.575000 0.208333 0.035417 0.024074
6 0.574479 0.872222 0.021875 0.018519
7 0.349479 0.159259 0.028125 0.018519
1 0.446354 0.578704 0.107292 0.009259
8 0.412500 0.294444 0.029167 0.029630
