3 0.438021 0.137037 0.051042 0.114815
5 0.527604 0.552778 0.205208 0.279630
9 0.456250 0.863889 0.060417 0.120370
13 0.268229 0.474074 0.040625 0.081481
0 0.453646 0.672222 0.121875 0.211111
11 0.299479 0.848148 0.048958 0.100000
10 0.734375 0.250926 0.037500 0.090741
15 0.827604 0.131481 0.040625 0.022222
2 0.900000 0.225000 0.093750 0.135185
12 0.758333 0.312963 0.070833 0.140741
14 0.975521 0.399074 0.038542 0.050000
4 0.277083 0.160185 0.100000 0.068519
6 0.255208 0.239815 0.047917 0.038889
7 0.446354 0.497222 0.073958 0.050000
1 0.378646 0.596296 0.255208 0.022222
8 0.839063 0.862037 0.044792 0.046296
