3 0.023438 0.849074 0.007292 0.016667
5 0.964583 0.661111 0.025000 0.033333
9 0.494271 0.221296 0.009375 0.020370
13 0.828646 0.425000 0.015625 0.031481
0 0.859375 0.615741 0.045833 0.079630
11 0.084896 0.304630 0.011458 0.024074
10 0.936458 0.277778 0.004167 0.011111
15 0.139063 0.522222 0.015625 0.007407
2 0.116146 0.697222 0.030208 0.042593
12 0.661458 0.799074 0.014583 0.027778
14 0.141146 0.276852 0.009375 0.012963
4 0.502604 0.508333 0.023958 0.016667
6 0.784896 0.887037 0.019792 0.014815
7 0.257292 0.987963 0.014583 0.009259
1 0.325000 0.468519 0.056250 0.007407
8 0.795833 0.449074 0.020833 0.020370
