3 0.527604 0.398148 0.009375 0.022222
5 0.446354 0.454630 0.042708 0.057407
9 0.101562 0.413889 0.019792 0.038889
13 0.056250 0.629630 0.010417 0.022222
0 0.185417 0.556481 0.058333 0.101852
11 0.135417 0.845370 0.008333 0.016667
10 0.478125 0.919444 0.008333 0.020370
15 0.140104 0.992593 0.011458 0.007407
2 0.721875 0.412963 0.033333 0.048148
12 0.431250 0.296296 0.018750 0.037037
14 0.832812 0.687037 0.011458 0.014815
4 0.384375 0.562963 0.027083 0.018519
6 0.819271 0.046296 0.017708 0.014815
7 0.860417 0.474074 0.016667 0.011111
1 0.519792 0.127778 0.041667 0.007407
8 0.889583 0.190741 0.014583 0.014815
