3 0.405729 0.277778 0.011458 0.025926
5 0.406771 0.403704 0.028125 0.037037
9 0.597917 0.355556 0.012500 0.025926
13 0.629167 0.351852 0.014583 0.029630
0 0.911979 0.066667 0.032292 0.055556
11 0.100000 0.215741 0.010417 0.020370
10 0.152604 0.937963 0.005208 0.012963
15 0.943229 0.557407 0.009375 0.007407
2 0.017188 0.971296 0.030208 0.042593
12 0.087500 0.947222 0.014583 0.027778
14 0.857812 0.508333 0.007292 0.009259
4 0.702604 0.831481 0.021875 0.014815
6 0.613542 0.048148 0.018750 0.014815
7 0.214583 0.637037 0.016667 0.011111
1 0.810937 0.122222 0.032292 0.007407
8 0.367188 0.936111 0.019792 0.020370
