3 0.579167 0.140741 0.008333 0.018519
5 0.094271 0.433333 0.032292 0.044444
9 0.418750 0.430556 0.016667 0.031481
13 0.208854 0.628704 0.011458 0.024074
0 0.143229 0.953704 0.044792 0.077778
11 0.600521 0.845370 0.013542 0.027778
10 0.016667 0.935185 0.006250 0.014815
15 0.282292 0.227778 0.010417 0.007407
2 0.746354 0.830556 0.032292 0.046296
12 0.322396 0.169444 0.015625 0.031481
14 0.948438 0.206481 0.007292 0.009259
4 0.202083 0.928704 0.018750 0.012963
6 0.211458 0.696296 0.012500 0.011111
7 0.731771 0.812963 0.011458 0.007407
1 0.389583 0.537037 0.064583 0.007407
8 0.757812 0.253704 0.011458 0.011111
