3 0.732292 0.841667 0.025000 0.057407
5 0.103125 0.074074 0.060417 0.081481
9 0.078646 0.925000 0.032292 0.064815
13 0.049479 0.650926 0.028125 0.057407
0 0.060417 0.091667 0.064583 0.112963
11 0.658854 0.785185 0.019792 0.040741
10 0.470313 0.620370 0.013542 0.033333
15 0.872396 0.245370 0.032292 0.016667
2 0.711979 0.400000 0.040625 0.059259
12 0.748437 0.387963 0.038542 0.075926
14 0.467187 0.550000 0.017708 0.022222
4 0.316146 0.796296 0.034375 0.022222
6 0.743750 0.904630 0.039583 0.031481
7 0.365625 0.050926 0.025000 0.016667
1 0.681250 0.008333 0.100000 0.009259
8 0.664062 0.331481 0.026042 0.025926
