3 0.748437 0.474074 0.009375 0.022222
5 0.136458 0.043519 0.025000 0.035185
9 0.035937 0.337963 0.017708 0.035185
13 0.858854 0.331481 0.011458 0.022222
0 0.914583 0.324074 0.031250 0.055556
11 0.436458 0.596296 0.008333 0.018519
10 0.466146 0.021296 0.005208 0.012963
15 0.539062 0.880556 0.017708 0.009259
2 0.750521 0.206481 0.040625 0.057407
12 0.195312 0.950926 0.015625 0.031481
14 0.975521 0.127778 0.011458 0.014815
4 0.752083 0.125000 0.020833 0.012963
6 0.368229 0.079630 0.013542 0.011111
7 0.689063 0.707407 0.009375 0.007407
1 0.159375 0.738889 0.056250 0.007407
8 0.233854 0.194444 0.011458 0.011111
