3 0.284375 0.490741 0.008333 0.018519
5 0.366667 0.439815 0.037500 0.050000
9 0.255729 0.236111 0.013542 0.027778
13 0.845313 0.400926 0.013542 0.027778
0 0.482812 0.635185 0.051042 0.088889
11 0.461979 0.870370 0.011458 0.022222
10 0.871875 0.827778 0.004167 0.011111
15 0.159375 0.174074 0.014583 0.007407
2 0.347396 0.519444 0.021875 0.031481
12 0.032813 0.606481 0.013542 0.027778
14 0.480208 0.988889 0.006250 0.007407
4 0.283333 0.619444 0.014583 0.009259
6 0.598958 0.231481 0.018750 0.014815
7 0.853646 0.913889 0.013542 0.009259
1 0.627083 0.579630 0.045833 0.007407
8 0.930208 0.483333 0.018750 0.018519
