3 0.738542 0.634259 0.018750 0.042593
5 0.905729 0.938889 0.084375 0.114815
9 0.768229 0.188889 0.023958 0.048148
13 0.888021 0.425926 0.021875 0.044444
0 0.836458 0.457407 0.081250 0.140741
11 0.375000 0.043519 0.018750 0.038889
10 0.797396 0.298148 0.017708 0.044444
15 0.300000 0.171296 0.022917 0.012963
2 0.595833 0.052778 0.047917 0.068519
12 0.444271 0.590741 0.023958 0.048148
14 0.858854 0.775000 0.023958 0.031481
4 0.065625 0.381481 0.050000 0.033333
6 0.330729 0.730556 0.038542 0.031481
7 0.165625 0.426852 0.018750 0.012963
1 0.183854 0.669444 0.105208 0.009259
8 0.152083 0.635185 0.029167 0.029630
