3 0.547917 0.488889 0.039583 0.088889
5 0.841146 0.403704 0.128125 0.174074
9 0.677083 0.201852 0.056250 0.111111
13 0.096354 0.314815 0.038542 0.077778
0 0.866667 0.455556 0.183333 0.318519
11 0.966667 0.619444 0.050000 0.101852
10 0.080208 0.439815 0.020833 0.050000
15 0.857292 0.684259 0.043750 0.024074
2 0.294271 0.257407 0.107292 0.155556
12 0.788542 0.219444 0.043750 0.087037
14 0.767188 0.097222 0.028125 0.035185
4 0.326042 0.374074 0.060417 0.040741
6 0.128125 0.567593 0.083333 0.068519
7 0.754687 0.904630 0.061458 0.042593
1 0.235417 0.792593 0.250000 0.022222
8 0.588542 0.293519 0.068750 0.068519
