3 0.448958 0.241667 0.041667 0.094444
5 0.579688 0.818519 0.171875 0.233333
9 0.147396 0.414815 0.063542 0.125926
13 0.245833 0.255556 0.045833 0.092593
0 0.707292 0.222222 0.172917 0.300000
11 0.760417 0.916667 0.047917 0.096296
10 0.103125 0.328704 0.037500 0.090741
15 0.742188 0.682407 0.044792 0.024074
2 0.900000 0.559259 0.110417 0.159259
12 0.594792 0.653704 0.056250 0.111111
14 0.604167 0.855556 0.045833 0.059259
4 0.934896 0.082407 0.088542 0.061111
6 0.505729 0.116667 0.071875 0.059259
7 0.522396 0.750926 0.071875 0.050000
1 0.568750 0.714815 0.170833 0.014815
8 0.219792 0.635185 0.072917 0.074074
