3 0.599479 0.500926 0.032292 0.072222
5 0.170833 0.289815 0.185417 0.253704
9 0.946354 0.393519 0.069792 0.138889
13 0.554167 0.287963 0.064583 0.131481
0 0.671875 0.539815 0.229167 0.398148
11 0.889062 0.191667 0.053125 0.109259
10 0.114583 0.762963 0.035417 0.085185
15 0.067187 0.688889 0.061458 0.033333
2 0.345833 0.822222 0.120833 0.174074
12 0.354687 0.880556 0.078125 0.153704
14 0.173958 0.061111 0.037500 0.048148
4 0.239063 0.445370 0.080208 0.053704
6 0.099479 0.506481 0.088542 0.072222
7 0.932292 0.859259 0.054167 0.037037
1 0.865625 0.647222 0.222917 0.020370
8 0.381771 0.101852 0.055208 0.055556
