3 0.869271 0.380556 0.030208 0.068519
5 0.144792 0.316667 0.189583 0.259259
9 0.860417 0.065741 0.062500 0.124074
13 0.500000 0.561111 0.043750 0.088889
0 0.701562 0.751852 0.138542 0.240741
11 0.280208 0.093519 0.037500 0.075926
10 0.674479 0.388889 0.036458 0.088889
15 0.317708 0.130556 0.052083 0.027778
2 0.390104 0.535185 0.138542 0.200000
12 0.242708 0.145370 0.060417 0.120370
14 0.525521 0.089815 0.046875 0.061111
4 0.203125 0.537963 0.062500 0.042593
6 0.631250 0.712037 0.083333 0.068519
7 0.486458 0.387963 0.062500 0.042593
1 0.501563 0.978704 0.146875 0.012963
8 0.411979 0.832407 0.082292 0.083333
