3 0.910417 0.575000 0.010417 0.024074
5 0.743750 0.584259 0.031250 0.042593
9 0.557813 0.959259 0.011458 0.022222
13 0.191146 0.980556 0.009375 0.020370
0 0.478646 0.918519 0.038542 0.066667
11 0.280208 0.697222 0.008333 0.016667
10 0.384375 0.040741 0.006250 0.014815
15 0.836979 0.333333 0.013542 0.007407
2 0.966667 0.437037 0.020833 0.029630
12 0.592708 0.250926 0.012500 0.024074
14 0.920833 0.098148 0.012500 0.014815
4 0.981771 0.029630 0.017708 0.011111
6 0.264062 0.158333 0.011458 0.009259
7 0.186979 0.090741 0.017708 0.011111
1 0.660937 0.616667 0.059375 0.007407
8 0.729688 0.946296 0.011458 0.011111
