3 0.293750 0.924074 0.008333 0.018519
5 0.136458 0.934259 0.045833 0.061111
9 0.784375 0.759259 0.018750 0.037037
13 0.051042 0.799074 0.014583 0.031481
0 0.033854 0.279630 0.030208 0.051852
11 0.560417 0.644444 0.012500 0.025926
10 0.065625 0.950000 0.006250 0.014815
15 0.182292 0.037037 0.012500 0.007407
2 0.909375 0.517593 0.039583 0.057407
12 0.241146 0.532407 0.013542 0.027778
14 0.035417 0.479630 0.006250 0.007407
4 0.876042 0.395370 0.025000 0.016667
6 0.946354 0.495370 0.011458 0.009259
7 0.311979 0.090741 0.011458 0.007407
1 0.211458 0.872222 0.045833 0.007407
8 0.319792 0.236111 0.020833 0.020370
