3 0.982292 0.311111 0.031250 0.070370
5 0.148958 0.634259 0.183333 0.250000
9 0.389583 0.386111 0.079167 0.157407
13 0.250521 0.279630 0.053125 0.107407
0 0.741146 0.355556 0.209375 0.362963
11 0.403646 0.900926 0.059375 0.120370
10 0.833854 0.913889 0.021875 0.053704
15 0.613021 0.834259 0.042708 0.024074
2 0.654687 0.445370 0.142708 0.205556
12 0.142708 0.089815 0.064583 0.127778
14 0.355208 0.531481 0.029167 0.037037
4 0.038542 0.275926 0.056250 0.037037
6 0.704167 0.569444 0.064583 0.053704
7 0.255208 0.850000 0.054167 0.037037
1 0.417187 0.893519 0.223958 0.020370
8 0.304167 0.290741 0.047917 0.048148
