3 0.844792 0.501852 0.027083 0.062963
5 0.951042 0.196296 0.091667 0.125926
9 0.094792 0.695370 0.022917 0.046296
13 0.404687 0.497222 0.017708 0.035185
0 0.131771 0.763889 0.098958 0.172222
11 0.345833 0.802778 0.020833 0.042593
10 0.444271 0.419444 0.015625 0.038889
15 0.029687 0.111111 0.021875 0.011111
2 0.275000 0.799074 0.060417 0.087037
12 0.322396 0.334259 0.034375 0.068519
14 0.667188 0.499074 0.023958 0.031481
4 0.736458 0.335185 0.027083 0.018519
6 0.780208 0.980556 0.025000 0.020370
7 0.156250 0.067593 0.020833 0.012963
1 0.291667 0.007407 0.089583 0.007407
8 0.172917 0.039815 0.035417 0.035185
