3 0.484896 0.287037 0.013542 0.029630
5 0.819271 0.594444 0.032292 0.044444
9 0.508333 0.457407 0.010417 0.022222
13 0.957812 0.284259 0.015625 0.031481
0 0.868750 0.745370 0.043750 0.075926
11 0.249479 0.550926 0.011458 0.024074
10 0.798438 0.791667 0.005208 0.012963
15 0.983854 0.170370 0.009375 0.007407
2 0.401042 0.137963 0.025000 0.035185
12 0.921875 0.155556 0.010417 0.022222
14 0.709896 0.884259 0.007292 0.009259
4 0.928125 0.883333 0.016667 0.011111
6 0.953125 0.701852 0.018750 0.014815
7 0.908854 0.924074 0.017708 0.011111
1 0.826042 0.618519 0.043750 0.007407
8 0.141667 0.033333 0.014583 0.014815
