3 0.656250 0.256481 0.033333 0.075926
5 0.879167 0.718519 0.135417 0.185185
9 0.656771 0.450000 0.080208 0.159259
13 0.190625 0.915741 0.066667 0.135185
0 0.702083 0.567593 0.243750 0.424074
11 0.411979 0.201852 0.051042 0.103704
10 0.072396 0.868519 0.028125 0.066667
15 0.653646 0.927778 0.073958 0.040741
2 0.564063 0.920370 0.105208 0.151852
12 0.629167 0.188889 0.075000 0.148148
14 0.294792 0.028704 0.033333 0.042593
4 0.902083 0.603704 0.097917 0.066667
6 0.813021 0.229630 0.084375 0.070370
7 0.396354 0.820370 0.059375 0.040741
1 0.429688 0.735185 0.136458 0.011111
8 0.786458 0.233333 0.072917 0.074074
