3 0.278125 0.509259 0.022917 0.051852
5 0.146354 0.152778 0.080208 0.109259
9 0.931771 0.456481 0.032292 0.064815
13 0.770833 0.896296 0.018750 0.037037
0 0.883854 0.433333 0.080208 0.140741
11 0.538542 0.183333 0.033333 0.066667
10 0.520312 0.460185 0.009375 0.024074
15 0.593229 0.939815 0.023958 0.012963
2 0.052083 0.694444 0.045833 0.066667
12 0.896875 0.183333 0.035417 0.070370
14 0.444792 0.263889 0.012500 0.016667
4 0.646354 0.678704 0.051042 0.035185
6 0.066146 0.312963 0.044792 0.037037
7 0.610417 0.900000 0.022917 0.014815
1 0.586979 0.112963 0.130208 0.011111
8 0.597396 0.364815 0.021875 0.022222
