3 0.198437 0.305556 0.023958 0.055556
5 0.240104 0.464815 0.084375 0.114815
9 0.973437 0.685185 0.026042 0.051852
13 0.738542 0.588889 0.031250 0.062963
0 0.869271 0.574074 0.117708 0.203704
11 0.151042 0.414815 0.033333 0.066667
10 0.235937 0.839815 0.011458 0.027778
15 0.487500 0.865741 0.025000 0.012963
2 0.339062 0.393519 0.078125 0.112963
12 0.343229 0.279630 0.030208 0.059259
14 0.017188 0.108333 0.015625 0.020370
4 0.123438 0.637037 0.048958 0.033333
6 0.861979 0.549074 0.023958 0.020370
7 0.755208 0.825000 0.035417 0.024074
1 0.301042 0.471296 0.102083 0.009259
8 0.232813 0.225926 0.036458 0.037037
