3 0.750000 0.641667 0.018750 0.042593
5 0.670312 0.775926 0.067708 0.092593
9 0.153125 0.644444 0.029167 0.059259
13 0.393750 0.502778 0.033333 0.068519
0 0.470313 0.900000 0.107292 0.185185
11 0.222917 0.350000 0.020833 0.040741
10 0.238021 0.516667 0.011458 0.029630
15 0.639583 0.941667 0.029167 0.016667
2 0.171875 0.627778 0.054167 0.077778
12 0.891146 0.445370 0.034375 0.068519
14 0.823438 0.315741 0.013542 0.016667
4 0.505208 0.486111 0.039583 0.027778
6 0.897917 0.431481 0.037500 0.029630
7 0.748958 0.108333 0.035417 0.024074
1 0.498958 0.690741 0.127083 0.011111
8 0.279167 0.453704 0.022917 0.022222
