3 0.623437 0.311111 0.011458 0.025926
5 0.176042 0.578704 0.037500 0.050000
9 0.255208 0.283333 0.018750 0.037037
13 0.409896 0.363889 0.013542 0.027778
0 0.729167 0.317593 0.043750 0.075926
11 0.606250 0.085185 0.012500 0.025926
10 0.319792 0.501852 0.008333 0.018519
15 0.904687 0.731481 0.009375 0.007407
2 0.830208 0.766667 0.022917 0.033333
12 0.746354 0.406481 0.017708 0.035185
14 0.099479 0.222222 0.011458 0.014815
4 0.433333 0.855556 0.016667 0.011111
6 0.652083 0.575000 0.016667 0.012963
7 0.499479 0.891667 0.013542 0.009259
1 0.535937 0.203704 0.055208 0.007407
8 0.645312 0.074074 0.019792 0.018519
