3 0.030729 0.645370 0.013542 0.031481
5 0.166146 0.269444 0.096875 0.131481
9 0.664062 0.179630 0.023958 0.048148
13 0.474479 0.762963 0.023958 0.048148
0 0.813021 0.339815 0.092708 0.161111
11 0.519792 0.800000 0.025000 0.051852
10 0.023438 0.617593 0.009375 0.024074
15 0.569271 0.424074 0.034375 0.018519
2 0.409375 0.719444 0.047917 0.068519
12 0.059896 0.905556 0.028125 0.055556
14 0.944792 0.710185 0.025000 0.031481
4 0.575000 0.701852 0.033333 0.022222
6 0.693229 0.058333 0.021875 0.016667
7 0.911458 0.483333 0.031250 0.022222
1 0.358854 0.387037 0.088542 0.007407
8 0.257812 0.880556 0.023958 0.024074
