3 0.744792 0.955556 0.016667 0.037037
5 0.681771 0.897222 0.063542 0.087037
9 0.871875 0.450926 0.027083 0.053704
13 0.289583 0.683333 0.027083 0.055556
0 0.487500 0.586111 0.075000 0.131481
11 0.928646 0.306481 0.026042 0.053704
10 0.303125 0.920370 0.018750 0.044444
15 0.518750 0.062963 0.020833 0.011111
2 0.478646 0.912037 0.057292 0.083333
12 0.434896 0.375926 0.019792 0.040741
14 0.277604 0.265741 0.015625 0.020370
4 0.925000 0.443519 0.045833 0.031481
6 0.843750 0.891667 0.029167 0.024074
7 0.393750 0.868519 0.027083 0.018519
1 0.621875 0.243519 0.112500 0.009259
8 0.279167 0.327778 0.037500 0.037037
