3 0.668750 0.116667 0.018750 0.044444
5 0.129167 0.918519 0.070833 0.096296
9 0.348958 0.133333 0.035417 0.070370
13 0.964063 0.778704 0.021875 0.046296
0 0.724479 0.116667 0.069792 0.122222
11 0.245833 0.130556 0.031250 0.064815
10 0.576042 0.412037 0.016667 0.038889
15 0.621354 0.643519 0.036458 0.020370
2 0.032292 0.061111 0.043750 0.062963
12 0.330729 0.180556 0.034375 0.068519
14 0.185417 0.368519 0.025000 0.033333
4 0.536458 0.090741 0.033333 0.022222
6 0.367188 0.161111 0.040625 0.033333
7 0.026562 0.295370 0.030208 0.020370
1 0.405729 0.918519 0.128125 0.011111
8 0.876563 0.440741 0.026042 0.025926
