3 0.350000 0.158333 0.027083 0.061111
5 0.293750 0.203704 0.100000 0.137037
9 0.514583 0.570370 0.031250 0.062963
13 0.578646 0.703704 0.023958 0.048148
0 0.895833 0.536111 0.062500 0.109259
11 0.940625 0.317593 0.020833 0.042593
10 0.713021 0.612963 0.015625 0.037037
15 0.399479 0.300000 0.021875 0.011111
2 0.883333 0.864815 0.075000 0.107407
12 0.479167 0.150000 0.033333 0.066667
14 0.952083 0.099074 0.018750 0.024074
4 0.192188 0.694444 0.028125 0.018519
6 0.802604 0.687963 0.038542 0.031481
7 0.790625 0.300926 0.035417 0.024074
1 0.075521 0.703704 0.065625 0.007407
8 0.254167 0.309259 0.025000 0.025926
