3 0.415625 0.323148 0.018750 0.042593
5 0.167708 0.883333 0.081250 0.111111
9 0.171875 0.322222 0.035417 0.070370
13 0.880208 0.328704 0.018750 0.038889
0 0.745833 0.157407 0.118750 0.207407
11 0.091667 0.172222 0.027083 0.055556
10 0.168750 0.417593 0.012500 0.031481
15 0.355729 0.438889 0.032292 0.018519
2 0.501563 0.800000 0.051042 0.074074
12 0.834375 0.210185 0.025000 0.050000
14 0.376563 0.375000 0.015625 0.020370
4 0.206250 0.376852 0.035417 0.024074
6 0.056250 0.334259 0.025000 0.020370
7 0.302604 0.454630 0.030208 0.020370
1 0.935417 0.849074 0.106250 0.009259
8 0.509896 0.050926 0.042708 0.042593
