3 0.104167 0.800926 0.041667 0.094444
5 0.229167 0.208333 0.175000 0.238889
9 0.913021 0.640741 0.082292 0.162963
13 0.717187 0.487963 0.046875 0.094444
0 0.755208 0.612037 0.233333 0.405556
11 0.095312 0.728704 0.046875 0.094444
10 0.595313 0.757407 0.026042 0.062963
15 0.538542 0.618519 0.068750 0.037037
2 0.256250 0.642593 0.118750 0.170370
12 0.947917 0.604630 0.085417 0.168519
14 0.300000 0.647222 0.041667 0.053704
4 0.910937 0.422222 0.096875 0.066667
6 0.912500 0.787963 0.083333 0.068519
7 0.878646 0.068519 0.044792 0.029630
1 0.156771 0.665741 0.259375 0.024074
8 0.053125 0.024074 0.047917 0.048148
