3 0.685417 0.390741 0.027083 0.062963
5 0.419792 0.499074 0.139583 0.190741
9 0.035417 0.218519 0.047917 0.096296
13 0.118229 0.837037 0.036458 0.074074
0 0.569792 0.617593 0.154167 0.268519
11 0.486458 0.428704 0.066667 0.135185
10 0.838021 0.504630 0.028125 0.068519
15 0.590625 0.050926 0.064583 0.035185
2 0.119271 0.278704 0.136458 0.198148
12 0.585417 0.755556 0.072917 0.144444
14 0.816146 0.334259 0.048958 0.064815
4 0.383333 0.775926 0.075000 0.051852
6 0.635417 0.938889 0.066667 0.055556
7 0.102604 0.537037 0.055208 0.037037
1 0.571875 0.024074 0.239583 0.022222
8 0.039062 0.237963 0.071875 0.072222
