3 0.719792 0.187037 0.029167 0.066667
5 0.632292 0.897222 0.114583 0.157407
9 0.203646 0.131481 0.082292 0.162963
13 0.704167 0.087037 0.052083 0.107407
0 0.322917 0.224074 0.179167 0.311111
11 0.915104 0.595370 0.063542 0.127778
10 0.618750 0.882407 0.033333 0.079630
15 0.717187 0.139815 0.036458 0.020370
2 0.450521 0.185185 0.126042 0.181481
12 0.853125 0.585185 0.075000 0.148148
14 0.281771 0.757407 0.046875 0.059259
4 0.625000 0.542593 0.060417 0.040741
6 0.834896 0.473148 0.061458 0.050000
7 0.577083 0.896296 0.054167 0.037037
1 0.738542 0.174074 0.206250 0.018519
8 0.187500 0.741667 0.079167 0.079630
