3 0.496875 0.504630 0.025000 0.057407
5 0.872917 0.102778 0.050000 0.068519
9 0.528646 0.277778 0.021875 0.044444
13 0.663021 0.641667 0.028125 0.057407
0 0.889583 0.258333 0.060417 0.105556
11 0.581250 0.045370 0.022917 0.046296
10 0.719792 0.204630 0.016667 0.038889
15 0.023438 0.470370 0.028125 0.014815
2 0.936458 0.412037 0.047917 0.068519
12 0.882812 0.851852 0.040625 0.081481
14 0.405208 0.376852 0.020833 0.027778
4 0.579688 0.285185 0.028125 0.018519
6 0.391146 0.391667 0.030208 0.024074
7 0.719792 0.946296 0.020833 0.014815
1 0.169271 0.344444 0.130208 0.011111
8 0.513542 0.850926 0.031250 0.031481
