3 0.286979 0.220370 0.017708 0.040741
5 0.041667 0.458333 0.066667 0.090741
9 0.637500 0.037963 0.031250 0.061111
13 0.968229 0.439815 0.030208 0.061111
0 0.836458 0.783333 0.118750 0.207407
11 0.036458 0.669444 0.025000 0.050000
10 0.770833 0.904630 0.012500 0.031481
15 0.705729 0.666667 0.028125 0.014815
2 0.386458 0.212037 0.050000 0.072222
12 0.084896 0.487963 0.032292 0.064815
14 0.188542 0.524074 0.022917 0.029630
4 0.972917 0.767593 0.039583 0.027778
6 0.936979 0.099074 0.030208 0.024074
7 0.277083 0.960185 0.031250 0.020370
1 0.300521 0.296296 0.082292 0.007407
8 0.220312 0.769444 0.038542 0.038889
