3 0.328125 0.208333 0.025000 0.057407
5 0.579167 0.576852 0.066667 0.090741
9 0.332292 0.938889 0.035417 0.070370
13 0.159375 0.580556 0.018750 0.038889
0 0.830208 0.775000 0.072917 0.127778
11 0.364063 0.240741 0.017708 0.037037
10 0.268750 0.232407 0.014583 0.035185
15 0.742708 0.249074 0.037500 0.020370
2 0.547917 0.921296 0.047917 0.068519
12 0.151042 0.051852 0.037500 0.074074
14 0.870313 0.105556 0.019792 0.025926
4 0.471354 0.381481 0.053125 0.037037
6 0.603646 0.776852 0.034375 0.027778
7 0.154688 0.455556 0.017708 0.011111
1 0.281250 0.539815 0.104167 0.009259
8 0.218750 0.950926 0.022917 0.024074
