3 0.041146 0.297222 0.007292 0.016667
5 0.652083 0.309259 0.035417 0.048148
9 0.154167 0.820370 0.012500 0.025926
13 0.256250 0.118519 0.016667 0.033333
0 0.885417 0.960185 0.043750 0.075926
11 0.306771 0.908333 0.011458 0.024074
10 0.135937 0.460185 0.005208 0.012963
15 0.700521 0.619444 0.017708 0.009259
2 0.414062 0.445370 0.032292 0.046296
12 0.138542 0.150926 0.012500 0.024074
14 0.979688 0.444444 0.011458 0.014815
4 0.535417 0.937037 0.022917 0.014815
6 0.608854 0.134259 0.019792 0.016667
7 0.626042 0.946296 0.010417 0.007407
1 0.311979 0.375926 0.051042 0.007407
8 0.126042 0.926852 0.012500 0.012963
