3 0.502604 0.198148 0.019792 0.044444
5 0.813021 0.700000 0.082292 0.111111
9 0.328646 0.339815 0.034375 0.068519
13 0.556771 0.638889 0.032292 0.066667
0 0.247917 0.407407 0.093750 0.162963
11 0.947917 0.213889 0.020833 0.042593
10 0.546875 0.719444 0.018750 0.046296
15 0.514583 0.813889 0.037500 0.020370
2 0.588542 0.900926 0.072917 0.105556
12 0.354167 0.859259 0.033333 0.066667
14 0.628646 0.437963 0.017708 0.024074
4 0.639062 0.362963 0.038542 0.025926
6 0.400521 0.900926 0.026042 0.020370
7 0.627604 0.371296 0.019792 0.012963
1 0.502604 0.164815 0.119792 0.011111
8 0.411979 0.380556 0.042708 0.042593
