3 0.446875 0.975000 0.012500 0.027778
5 0.760938 0.493519 0.036458 0.050000
9 0.256250 0.530556 0.012500 0.024074
13 0.752083 0.404630 0.010417 0.020370
0 0.808854 0.731481 0.044792 0.077778
11 0.090104 0.664815 0.011458 0.022222
10 0.655729 0.303704 0.009375 0.022222
15 0.362500 0.112963 0.010417 0.007407
2 0.067708 0.294444 0.033333 0.048148
12 0.666146 0.863889 0.015625 0.031481
14 0.310937 0.253704 0.009375 0.011111
4 0.598437 0.861111 0.026042 0.018519
6 0.687500 0.727778 0.014583 0.011111
7 0.468229 0.969444 0.013542 0.009259
1 0.798958 0.994444 0.033333 0.007407
8 0.811458 0.132407 0.020833 0.020370
