3 0.459375 0.466667 0.020833 0.048148
5 0.422396 0.917593 0.092708 0.127778
9 0.548438 0.130556 0.040625 0.079630
13 0.277604 0.593519 0.028125 0.057407
0 0.408333 0.224074 0.070833 0.122222
11 0.668229 0.818519 0.021875 0.044444
10 0.623437 0.369444 0.017708 0.042593
15 0.077083 0.726852 0.025000 0.012963
2 0.926562 0.687963 0.046875 0.068519
12 0.413542 0.685185 0.031250 0.062963
14 0.959896 0.798148 0.017708 0.022222
4 0.517188 0.726852 0.040625 0.027778
6 0.055208 0.250926 0.025000 0.020370
7 0.479687 0.208333 0.030208 0.020370
1 0.279167 0.294444 0.133333 0.011111
8 0.492188 0.509259 0.026042 0.025926
