3 0.274479 0.675926 0.021875 0.048148
5 0.331250 0.310185 0.068750 0.094444
9 0.497917 0.462037 0.025000 0.050000
13 0.810937 0.218519 0.019792 0.040741
0 0.126042 0.223148 0.066667 0.116667
11 0.553125 0.931481 0.029167 0.059259
10 0.966146 0.208333 0.013542 0.031481
15 0.722917 0.162037 0.031250 0.016667
2 0.070833 0.421296 0.060417 0.087037
12 0.191667 0.233333 0.033333 0.066667
14 0.831250 0.879630 0.016667 0.022222
4 0.903125 0.234259 0.029167 0.020370
6 0.846875 0.898148 0.022917 0.018519
7 0.773438 0.364815 0.021875 0.014815
1 0.566667 0.437037 0.122917 0.011111
8 0.110417 0.416667 0.037500 0.037037
