3 0.531250 0.984259 0.010417 0.024074
5 0.754687 0.037037 0.040625 0.055556
9 0.905208 0.275000 0.010417 0.020370
13 0.440625 0.761111 0.010417 0.022222
0 0.463021 0.462037 0.053125 0.090741
11 0.802604 0.847222 0.011458 0.024074
10 0.820312 0.063889 0.005208 0.012963
15 0.078125 0.539815 0.016667 0.009259
2 0.754167 0.405556 0.039583 0.055556
12 0.043750 0.914815 0.016667 0.033333
14 0.972396 0.927778 0.009375 0.011111
4 0.568750 0.647222 0.018750 0.012963
6 0.977604 0.806481 0.019792 0.016667
7 0.286458 0.938889 0.016667 0.011111
1 0.101042 0.987037 0.062500 0.007407
8 0.499479 0.096296 0.017708 0.018519
