3 0.457292 0.724074 0.008333 0.018519
5 0.476042 0.619444 0.039583 0.053704
9 0.359896 0.773148 0.013542 0.027778
13 0.469271 0.887963 0.013542 0.027778
0 0.428646 0.542593 0.040625 0.070370
11 0.100000 0.167593 0.014583 0.031481
10 0.715104 0.138889 0.007292 0.018519
15 0.460938 0.124074 0.013542 0.007407
2 0.625521 0.508333 0.019792 0.027778
12 0.639583 0.782407 0.012500 0.024074
14 0.888542 0.557407 0.006250 0.007407
4 0.969792 0.324074 0.018750 0.011111
6 0.278646 0.663889 0.019792 0.016667
7 0.131250 0.670370 0.008333 0.007407
1 0.041146 0.425926 0.042708 0.007407
8 0.199479 0.181481 0.011458 0.011111
