3 0.880729 0.898148 0.017708 0.040741
5 0.298958 0.652778 0.100000 0.135185
9 0.602604 0.583333 0.021875 0.044444
13 0.496875 0.505556 0.027083 0.055556
0 0.719271 0.437037 0.082292 0.144444
11 0.349479 0.178704 0.030208 0.061111
10 0.800000 0.715741 0.010417 0.024074
15 0.645312 0.053704 0.034375 0.018519
2 0.778646 0.237963 0.055208 0.079630
12 0.139063 0.725000 0.034375 0.068519
14 0.299479 0.082407 0.021875 0.027778
4 0.648958 0.168519 0.037500 0.025926
6 0.247917 0.229630 0.041667 0.033333
7 0.341146 0.937037 0.028125 0.018519
1 0.738542 0.062037 0.116667 0.009259
8 0.276562 0.718519 0.036458 0.037037
