3 0.597396 0.887037 0.048958 0.111111
5 0.534375 0.450926 0.110417 0.150000
9 0.224479 0.530556 0.084375 0.168519
13 0.613021 0.857407 0.046875 0.096296
0 0.282813 0.502778 0.169792 0.294444
11 0.895312 0.309259 0.046875 0.096296
10 0.208854 0.212963 0.038542 0.092593
15 0.250521 0.752778 0.044792 0.024074
2 0.185417 0.220370 0.156250 0.225926
12 0.234896 0.871296 0.084375 0.168519
14 0.310417 0.865741 0.050000 0.064815
4 0.508854 0.313889 0.063542 0.042593
6 0.667708 0.875000 0.070833 0.057407
7 0.920312 0.276852 0.040625 0.027778
1 0.404167 0.963889 0.183333 0.016667
8 0.269271 0.623148 0.078125 0.079630
