3 0.259896 0.743519 0.007292 0.016667
5 0.491667 0.855556 0.045833 0.062963
9 0.710938 0.257407 0.019792 0.040741
13 0.915104 0.690741 0.015625 0.033333
0 0.605729 0.507407 0.051042 0.088889
11 0.788542 0.896296 0.014583 0.029630
10 0.857292 0.054630 0.008333 0.020370
15 0.857812 0.626852 0.017708 0.009259
2 0.979688 0.363889 0.019792 0.027778
12 0.356250 0.679630 0.018750 0.037037
14 0.792708 0.481481 0.008333 0.011111
4 0.865104 0.062037 0.026042 0.016667
6 0.265104 0.353704 0.021875 0.018519
7 0.182292 0.251852 0.016667 0.011111
1 0.436458 0.596296 0.058333 0.007407
8 0.766146 0.156481 0.019792 0.020370
