3 0.730729 0.425000 0.021875 0.050000
5 0.351042 0.680556 0.068750 0.094444
9 0.613542 0.764815 0.035417 0.070370
13 0.062500 0.892593 0.027083 0.055556
0 0.061979 0.200926 0.082292 0.142593
11 0.790625 0.357407 0.016667 0.033333
10 0.958333 0.466667 0.016667 0.040741
15 0.465104 0.279630 0.019792 0.011111
2 0.744792 0.371296 0.052083 0.075926
12 0.960938 0.350926 0.034375 0.068519
14 0.531250 0.362963 0.016667 0.022222
4 0.753646 0.784259 0.051042 0.035185
6 0.587500 0.213889 0.043750 0.035185
7 0.781250 0.721296 0.035417 0.024074
1 0.658854 0.434259 0.103125 0.009259
8 0.422917 0.819444 0.025000 0.024074
