3 0.150521 0.751852 0.009375 0.022222
5 0.521875 0.264815 0.045833 0.062963
9 0.659896 0.597222 0.015625 0.031481
13 0.608854 0.893519 0.011458 0.024074
0 0.844792 0.334259 0.052083 0.090741
11 0.363542 0.531481 0.012500 0.025926
10 0.485938 0.631481 0.007292 0.018519
15 0.664583 0.025000 0.018750 0.009259
2 0.387500 0.222222 0.033333 0.048148
12 0.436458 0.459259 0.018750 0.037037
14 0.623958 0.879630 0.006250 0.007407
4 0.964063 0.872222 0.015625 0.011111
6 0.089063 0.287963 0.015625 0.012963
7 0.466667 0.951852 0.010417 0.007407
1 0.302083 0.487037 0.058333 0.007407
8 0.913021 0.489815 0.019792 0.020370
