3 0.397917 0.631481 0.041667 0.096296
5 0.211979 0.643519 0.205208 0.279630
9 0.943750 0.098148 0.070833 0.140741
13 0.688021 0.223148 0.067708 0.138889
0 0.161979 0.351852 0.234375 0.407407
11 0.489583 0.775000 0.066667 0.135185
10 0.323437 0.912037 0.038542 0.094444
15 0.348438 0.803704 0.042708 0.022222
2 0.213021 0.165741 0.121875 0.175926
12 0.893229 0.172222 0.065625 0.129630
14 0.046354 0.392593 0.042708 0.055556
4 0.334896 0.790741 0.103125 0.070370
6 0.366146 0.153704 0.080208 0.066667
7 0.074479 0.512037 0.051042 0.035185
1 0.770312 0.731481 0.209375 0.018519
8 0.070833 0.240741 0.068750 0.070370
