3 0.538021 0.507407 0.055208 0.125926
5 0.882292 0.130556 0.189583 0.257407
9 0.686979 0.324074 0.061458 0.122222
13 0.381250 0.711111 0.047917 0.096296
0 0.498437 0.350000 0.221875 0.385185
11 0.731771 0.349074 0.053125 0.109259
10 0.511458 0.540741 0.022917 0.055556
15 0.445833 0.956481 0.052083 0.027778
2 0.124479 0.664815 0.128125 0.185185
12 0.935937 0.537037 0.046875 0.092593
14 0.931771 0.160185 0.046875 0.061111
4 0.382292 0.789815 0.089583 0.061111
6 0.547396 0.436111 0.078125 0.064815
7 0.836458 0.145370 0.045833 0.031481
1 0.222917 0.819444 0.260417 0.024074
8 0.916146 0.919444 0.044792 0.046296
