3 0.959375 0.163889 0.012500 0.027778
5 0.472396 0.223148 0.034375 0.046296
9 0.671875 0.925926 0.016667 0.033333
13 0.032813 0.191667 0.009375 0.020370
0 0.811979 0.243519 0.051042 0.087037
11 0.980729 0.547222 0.013542 0.027778
10 0.644271 0.774074 0.007292 0.018519
15 0.594271 0.062963 0.011458 0.007407
2 0.961458 0.377778 0.033333 0.048148
12 0.847396 0.301852 0.015625 0.029630
14 0.314583 0.234259 0.010417 0.012963
4 0.167708 0.323148 0.014583 0.009259
6 0.620833 0.863889 0.016667 0.012963
7 0.566146 0.503704 0.017708 0.011111
1 0.296354 0.381481 0.057292 0.007407
8 0.093750 0.830556 0.020833 0.020370
