3 0.555208 0.755556 0.012500 0.029630
5 0.298958 0.908333 0.050000 0.068519
9 0.261979 0.395370 0.015625 0.031481
13 0.665625 0.052778 0.008333 0.016667
0 0.054688 0.901852 0.032292 0.055556
11 0.471354 0.123148 0.015625 0.031481
10 0.809896 0.311111 0.007292 0.018519
15 0.085938 0.744444 0.011458 0.007407
2 0.319792 0.244444 0.020833 0.029630
12 0.623437 0.736111 0.017708 0.035185
14 0.679167 0.652778 0.010417 0.012963
4 0.723958 0.014815 0.027083 0.018519
6 0.128125 0.754630 0.012500 0.009259
7 0.565625 0.568519 0.010417 0.007407
1 0.575000 0.616667 0.064583 0.007407
8 0.553646 0.367593 0.013542 0.012963
