3 0.973437 0.889815 0.011458 0.027778
5 0.891667 0.450000 0.041667 0.055556
9 0.332813 0.340741 0.011458 0.022222
13 0.739062 0.112963 0.011458 0.022222
0 0.343229 0.868519 0.032292 0.055556
11 0.505208 0.521296 0.010417 0.020370
10 0.279687 0.848148 0.007292 0.018519
15 0.290625 0.644444 0.012500 0.007407
2 0.188021 0.594444 0.036458 0.051852
12 0.116146 0.193519 0.013542 0.027778
14 0.317188 0.761111 0.011458 0.014815
4 0.028125 0.034259 0.014583 0.009259
6 0.511979 0.839815 0.019792 0.016667
7 0.301563 0.633333 0.009375 0.007407
1 0.406250 0.459259 0.064583 0.007407
8 0.612500 0.058333 0.020833 0.020370
