3 0.810937 0.119444 0.034375 0.079630
5 0.673438 0.187037 0.146875 0.200000
9 0.908333 0.795370 0.058333 0.116667
13 0.764583 0.733333 0.058333 0.118519
0 0.151562 0.617593 0.184375 0.320370
11 0.353125 0.062037 0.052083 0.105556
10 0.701562 0.600926 0.023958 0.057407
15 0.571354 0.233333 0.046875 0.025926
2 0.599479 0.674074 0.126042 0.181481
12 0.576562 0.850926 0.071875 0.142593
14 0.225000 0.622222 0.045833 0.059259
4 0.740104 0.179630 0.071875 0.048148
6 0.374479 0.554630 0.065625 0.053704
7 0.353646 0.717593 0.053125 0.035185
1 0.366667 0.822222 0.160417 0.014815
8 0.070833 0.882407 0.064583 0.064815
