3 0.497396 0.709259 0.009375 0.022222
5 0.861458 0.426852 0.031250 0.042593
9 0.618750 0.038889 0.020833 0.040741
13 0.303125 0.624074 0.008333 0.018519
0 0.400000 0.838889 0.058333 0.100000
11 0.723437 0.250926 0.013542 0.027778
10 0.194271 0.262963 0.007292 0.018519
15 0.125000 0.212963 0.008333 0.007407
2 0.157292 0.583333 0.020833 0.029630
12 0.604688 0.867593 0.019792 0.038889
14 0.676042 0.231481 0.008333 0.011111
4 0.388021 0.203704 0.021875 0.014815
6 0.007812 0.617593 0.015625 0.012963
7 0.727083 0.852778 0.014583 0.009259
1 0.247917 0.557407 0.058333 0.007407
8 0.312500 0.511111 0.012500 0.011111
