3 0.041146 0.402778 0.007292 0.016667
5 0.885938 0.136111 0.046875 0.064815
9 0.461458 0.470370 0.012500 0.025926
13 0.975521 0.978704 0.013542 0.027778
0 0.833333 0.832407 0.031250 0.053704
11 0.471354 0.099074 0.015625 0.031481
10 0.417708 0.423148 0.006250 0.016667
15 0.083333 0.777778 0.012500 0.007407
2 0.817187 0.973148 0.019792 0.027778
12 0.890625 0.324074 0.018750 0.037037
14 0.893229 0.904630 0.007292 0.009259
4 0.821354 0.812037 0.023958 0.016667
6 0.588542 0.409259 0.014583 0.011111
7 0.771875 0.355556 0.016667 0.011111
1 0.538542 0.324074 0.062500 0.007407
8 0.614062 0.837963 0.017708 0.016667
