3 0.418750 0.410185 0.025000 0.057407
5 0.888542 0.392593 0.079167 0.107407
9 0.074479 0.347222 0.030208 0.061111
13 0.101042 0.766667 0.031250 0.062963
0 0.686979 0.404630 0.086458 0.150000
11 0.820833 0.652778 0.031250 0.064815
10 0.117188 0.195370 0.015625 0.038889
15 0.566146 0.991667 0.023958 0.012963
2 0.259375 0.574074 0.054167 0.077778
12 0.341667 0.285185 0.041667 0.081481
14 0.139063 0.086111 0.023958 0.031481
4 0.096875 0.208333 0.052083 0.035185
6 0.169792 0.474074 0.031250 0.025926
7 0.654167 0.544444 0.033333 0.022222
1 0.777604 0.766667 0.078125 0.007407
8 0.490104 0.446296 0.021875 0.022222
