3 0.401042 0.945370 0.027083 0.061111
5 0.168229 0.058333 0.071875 0.098148
9 0.565625 0.919444 0.027083 0.053704
13 0.752083 0.925000 0.022917 0.046296
0 0.544792 0.849074 0.077083 0.135185
11 0.511979 0.930556 0.030208 0.061111
10 0.381771 0.220370 0.011458 0.029630
15 0.599479 0.646296 0.034375 0.018519
2 0.563021 0.137037 0.051042 0.074074
12 0.860417 0.865741 0.025000 0.050000
14 0.223438 0.843519 0.021875 0.027778
4 0.067187 0.721296 0.053125 0.035185
6 0.908854 0.666667 0.026042 0.022222
7 0.226042 0.510185 0.035417 0.024074
1 0.451562 0.353704 0.092708 0.007407
8 0.079687 0.252778 0.042708 0.042593
