3 0.545833 0.235185 0.029167 0.066667
5 0.398438 0.161111 0.159375 0.218519
9 0.485417 0.337037 0.054167 0.107407
13 0.333333 0.485185 0.045833 0.092593
0 0.288021 0.551852 0.138542 0.240741
11 0.489583 0.059259 0.043750 0.088889
10 0.848437 0.945370 0.036458 0.087037
15 0.082812 0.626852 0.042708 0.024074
2 0.515104 0.575000 0.111458 0.161111
12 0.227083 0.512963 0.056250 0.111111
14 0.161458 0.114815 0.035417 0.044444
4 0.863542 0.437963 0.106250 0.072222
6 0.616667 0.471296 0.079167 0.064815
7 0.295833 0.500926 0.045833 0.031481
1 0.426563 0.200926 0.257292 0.024074
8 0.445833 0.362037 0.085417 0.087037
