3 0.413542 0.462037 0.041667 0.094444
5 0.828125 0.180556 0.162500 0.220370
9 0.177083 0.767593 0.083333 0.164815
13 0.299479 0.396296 0.061458 0.125926
0 0.648438 0.581481 0.159375 0.277778
11 0.416146 0.335185 0.051042 0.103704
10 0.416146 0.886111 0.023958 0.057407
15 0.403646 0.429630 0.061458 0.033333
2 0.254167 0.744444 0.100000 0.144444
12 0.877604 0.314815 0.063542 0.125926
14 0.184375 0.538889 0.025000 0.033333
4 0.863021 0.950000 0.092708 0.062963
6 0.139583 0.512963 0.054167 0.044444
7 0.399479 0.757407 0.059375 0.040741
1 0.147396 0.966667 0.171875 0.014815
8 0.762500 0.289815 0.064583 0.064815
