3 0.576042 0.871296 0.035417 0.079630
5 0.172396 0.700926 0.113542 0.153704
9 0.883854 0.486111 0.053125 0.105556
13 0.614583 0.836111 0.039583 0.079630
0 0.400521 0.225000 0.207292 0.361111
11 0.758333 0.694444 0.062500 0.125926
10 0.076042 0.294444 0.029167 0.070370
15 0.278646 0.556481 0.057292 0.031481
2 0.160938 0.179630 0.094792 0.137037
12 0.702083 0.156481 0.085417 0.168519
14 0.766667 0.856481 0.035417 0.046296
4 0.733333 0.170370 0.097917 0.066667
6 0.385417 0.435185 0.062500 0.051852
7 0.540104 0.760185 0.051042 0.035185
1 0.409896 0.785185 0.242708 0.022222
8 0.165625 0.350000 0.077083 0.077778
