3 0.398438 0.716667 0.026042 0.059259
5 0.705208 0.659259 0.072917 0.100000
9 0.551042 0.898148 0.041667 0.081481
13 0.750000 0.275926 0.027083 0.055556
0 0.344792 0.405556 0.100000 0.174074
11 0.899479 0.937037 0.023958 0.048148
10 0.091146 0.850926 0.011458 0.027778
15 0.493229 0.618519 0.034375 0.018519
2 0.268229 0.583333 0.059375 0.085185
12 0.356771 0.860185 0.034375 0.068519
14 0.244792 0.687037 0.022917 0.029630
4 0.115625 0.465741 0.041667 0.027778
6 0.245312 0.348148 0.040625 0.033333
7 0.802083 0.593519 0.018750 0.012963
1 0.173437 0.583333 0.132292 0.011111
8 0.647917 0.663889 0.031250 0.031481
