3 0.158333 0.277778 0.014583 0.033333
5 0.164062 0.831481 0.076042 0.103704
9 0.164062 0.431481 0.034375 0.066667
13 0.019792 0.425926 0.018750 0.037037
0 0.505729 0.851852 0.078125 0.137037
11 0.374479 0.853704 0.021875 0.044444
10 0.423958 0.265741 0.012500 0.031481
15 0.570312 0.690741 0.021875 0.011111
2 0.925000 0.762963 0.052083 0.074074
12 0.351562 0.900000 0.023958 0.048148
14 0.602604 0.224074 0.017708 0.022222
4 0.550000 0.088889 0.037500 0.025926
6 0.081771 0.612037 0.034375 0.027778
7 0.903646 0.164815 0.028125 0.018519
1 0.299479 0.565741 0.107292 0.009259
8 0.061979 0.561111 0.032292 0.033333
