3 0.579167 0.136111 0.025000 0.057407
5 0.616146 0.338889 0.092708 0.125926
9 0.023438 0.779630 0.032292 0.062963
13 0.541146 0.741667 0.030208 0.061111
0 0.517188 0.284259 0.069792 0.120370
11 0.193750 0.755556 0.033333 0.066667
10 0.541667 0.822222 0.018750 0.044444
15 0.092188 0.872222 0.026042 0.014815
2 0.294271 0.047222 0.063542 0.090741
12 0.858854 0.187963 0.032292 0.064815
14 0.530208 0.249074 0.012500 0.016667
4 0.198958 0.239815 0.052083 0.035185
6 0.859375 0.517593 0.043750 0.035185
7 0.614583 0.605556 0.022917 0.014815
1 0.867708 0.763889 0.110417 0.009259
8 0.588021 0.166667 0.036458 0.037037
