3 0.992188 0.233333 0.011458 0.025926
5 0.193229 0.330556 0.028125 0.038889
9 0.144792 0.383333 0.016667 0.033333
13 0.375521 0.260185 0.013542 0.027778
0 0.898438 0.699074 0.032292 0.057407
11 0.770312 0.223148 0.009375 0.020370
10 0.927083 0.975926 0.006250 0.014815
15 0.279167 0.090741 0.012500 0.007407
2 0.797917 0.587963 0.037500 0.053704
12 0.825521 0.585185 0.017708 0.037037
14 0.497917 0.350000 0.006250 0.007407
4 0.145833 0.875926 0.016667 0.011111
6 0.726042 0.682407 0.016667 0.012963
7 0.618750 0.166667 0.012500 0.007407
1 0.253125 0.361111 0.058333 0.007407
8 0.779167 0.910185 0.012500 0.012963
