3 0.158854 0.643519 0.013542 0.031481
5 0.628646 0.353704 0.094792 0.129630
9 0.146875 0.312963 0.020833 0.040741
13 0.848958 0.592593 0.020833 0.040741
0 0.472917 0.851852 0.110417 0.192593
11 0.721354 0.510185 0.030208 0.061111
10 0.273438 0.690741 0.009375 0.022222
15 0.537500 0.250000 0.029167 0.014815
2 0.469792 0.243519 0.062500 0.090741
12 0.363542 0.260185 0.027083 0.053704
14 0.115625 0.439815 0.025000 0.031481
4 0.394792 0.935185 0.050000 0.033333
6 0.101562 0.560185 0.030208 0.024074
7 0.595833 0.982407 0.020833 0.012963
1 0.086979 0.824074 0.128125 0.011111
8 0.132292 0.688889 0.043750 0.044444
