3 0.256250 0.784259 0.014583 0.035185
5 0.909896 0.824074 0.057292 0.077778
9 0.146875 0.186111 0.041667 0.083333
13 0.898438 0.062963 0.017708 0.037037
0 0.911458 0.830556 0.060417 0.105556
11 0.077604 0.436111 0.026042 0.053704
10 0.732812 0.902778 0.015625 0.038889
15 0.804688 0.075000 0.026042 0.012963
2 0.966667 0.497222 0.050000 0.072222
12 0.932813 0.733333 0.028125 0.055556
14 0.376563 0.219444 0.021875 0.027778
4 0.390625 0.822222 0.039583 0.025926
6 0.744271 0.506481 0.034375 0.027778
7 0.235937 0.522222 0.021875 0.014815
1 0.736458 0.779630 0.089583 0.007407
8 0.193750 0.310185 0.022917 0.024074
