3 0.817708 0.428704 0.010417 0.024074
5 0.885938 0.962963 0.046875 0.062963
9 0.493750 0.887037 0.012500 0.025926
13 0.422917 0.117593 0.010417 0.020370
0 0.206250 0.885185 0.047917 0.081481
11 0.175000 0.651852 0.014583 0.029630
10 0.818750 0.643519 0.006250 0.016667
15 0.347917 0.340741 0.014583 0.007407
2 0.147396 0.742593 0.038542 0.055556
12 0.215104 0.567593 0.019792 0.038889
14 0.194271 0.045370 0.007292 0.009259
4 0.419271 0.079630 0.023958 0.014815
6 0.480208 0.065741 0.016667 0.012963
7 0.418229 0.869444 0.013542 0.009259
1 0.101042 0.775926 0.056250 0.007407
8 0.970833 0.711111 0.010417 0.011111
