3 0.142708 0.328704 0.016667 0.038889
5 0.252604 0.367593 0.071875 0.098148
9 0.559375 0.235185 0.029167 0.059259
13 0.154167 0.188889 0.031250 0.062963
0 0.305208 0.157407 0.108333 0.188889
11 0.833333 0.583333 0.027083 0.055556
10 0.830729 0.940741 0.013542 0.033333
15 0.873958 0.130556 0.031250 0.016667
2 0.183333 0.958333 0.050000 0.072222
12 0.162500 0.448148 0.033333 0.066667
14 0.574479 0.642593 0.017708 0.022222
4 0.322917 0.305556 0.050000 0.033333
6 0.130208 0.854630 0.033333 0.027778
7 0.867708 0.836111 0.025000 0.016667
1 0.692708 0.462963 0.125000 0.011111
8 0.833854 0.332407 0.042708 0.042593
