3 0.163021 0.941667 0.034375 0.079630
5 0.189062 0.859259 0.167708 0.229630
9 0.694271 0.318519 0.048958 0.096296
13 0.525000 0.695370 0.064583 0.131481
0 0.708333 0.474074 0.202083 0.351852
11 0.250000 0.728704 0.043750 0.090741
10 0.269271 0.426852 0.028125 0.068519
15 0.241146 0.195370 0.051042 0.027778
2 0.325521 0.385185 0.094792 0.137037
12 0.258854 0.682407 0.053125 0.105556
14 0.388542 0.623148 0.029167 0.038889
4 0.371354 0.651852 0.109375 0.074074
6 0.248958 0.372222 0.079167 0.066667
7 0.931771 0.408333 0.063542 0.042593
1 0.737500 0.010185 0.218750 0.020370
8 0.765625 0.247222 0.052083 0.053704
