3 0.147917 0.247222 0.054167 0.124074
5 0.544271 0.442593 0.101042 0.137037
9 0.605729 0.450000 0.046875 0.092593
13 0.660937 0.625926 0.067708 0.137037
0 0.588542 0.428704 0.152083 0.264815
11 0.152083 0.512963 0.043750 0.088889
10 0.452604 0.377778 0.026042 0.062963
15 0.102604 0.400926 0.069792 0.038889
2 0.091667 0.253704 0.145833 0.211111
12 0.327604 0.532407 0.059375 0.116667
14 0.898438 0.368519 0.034375 0.044444
4 0.564583 0.288889 0.091667 0.062963
6 0.320312 0.065741 0.078125 0.064815
7 0.921875 0.203704 0.060417 0.040741
1 0.698958 0.857407 0.239583 0.022222
8 0.766146 0.732407 0.078125 0.079630
