3 0.570833 0.553704 0.020833 0.048148
5 0.880729 0.677778 0.051042 0.070370
9 0.442188 0.558333 0.036458 0.072222
13 0.193750 0.500926 0.022917 0.046296
0 0.298438 0.883333 0.105208 0.181481
11 0.199479 0.902778 0.032292 0.064815
10 0.110417 0.837963 0.014583 0.035185
15 0.548958 0.962037 0.031250 0.016667
2 0.904687 0.217593 0.078125 0.112963
12 0.901563 0.892593 0.028125 0.055556
14 0.130208 0.556481 0.025000 0.031481
4 0.086458 0.051852 0.033333 0.022222
6 0.350521 0.204630 0.030208 0.024074
7 0.516667 0.019444 0.029167 0.020370
1 0.436458 0.666667 0.131250 0.011111
8 0.036979 0.292593 0.032292 0.033333
