3 0.818229 0.230556 0.019792 0.046296
5 0.824479 0.806481 0.080208 0.109259
9 0.046875 0.235185 0.033333 0.066667
13 0.160417 0.494444 0.031250 0.062963
0 0.688021 0.162037 0.076042 0.131481
11 0.263542 0.250926 0.020833 0.042593
10 0.076563 0.612963 0.011458 0.025926
15 0.528125 0.659259 0.027083 0.014815
2 0.616146 0.819444 0.061458 0.087037
12 0.971354 0.799074 0.032292 0.064815
14 0.059375 0.067593 0.012500 0.016667
4 0.062500 0.425926 0.027083 0.018519
6 0.149479 0.447222 0.034375 0.027778
7 0.861458 0.272222 0.022917 0.014815
1 0.357292 0.750000 0.091667 0.007407
8 0.270833 0.129630 0.029167 0.029630
