3 0.450521 0.754630 0.046875 0.105556
5 0.753646 0.375926 0.192708 0.262963
9 0.383854 0.138889 0.040625 0.081481
13 0.606250 0.309259 0.060417 0.122222
0 0.678125 0.567593 0.162500 0.283333
11 0.975000 0.288889 0.047917 0.096296
10 0.275000 0.927778 0.029167 0.070370
15 0.428646 0.805556 0.055208 0.029630
2 0.791146 0.521296 0.132292 0.190741
12 0.241146 0.586111 0.073958 0.146296
14 0.330208 0.885185 0.035417 0.044444
4 0.834375 0.096296 0.102083 0.070370
6 0.721875 0.308333 0.079167 0.064815
7 0.646875 0.298148 0.054167 0.037037
1 0.857292 0.817593 0.195833 0.016667
8 0.164062 0.645370 0.053125 0.053704
