3 0.581250 0.411111 0.020833 0.048148
5 0.793750 0.756481 0.102083 0.138889
9 0.757812 0.859259 0.021875 0.044444
13 0.391667 0.957407 0.025000 0.051852
0 0.710938 0.482407 0.071875 0.124074
11 0.330208 0.239815 0.022917 0.046296
10 0.797396 0.299074 0.017708 0.042593
15 0.632292 0.819444 0.031250 0.016667
2 0.897396 0.924074 0.073958 0.107407
12 0.397917 0.583333 0.025000 0.048148
14 0.700521 0.371296 0.013542 0.016667
4 0.093229 0.812037 0.036458 0.024074
6 0.631250 0.109259 0.031250 0.025926
7 0.666667 0.146296 0.022917 0.014815
1 0.570833 0.192593 0.127083 0.011111
8 0.840104 0.920370 0.026042 0.025926
