3 0.279687 0.950926 0.013542 0.031481
5 0.286458 0.796296 0.060417 0.081481
9 0.352604 0.437037 0.021875 0.044444
13 0.836458 0.443519 0.031250 0.064815
0 0.292187 0.821296 0.101042 0.175926
11 0.729688 0.489815 0.028125 0.057407
10 0.298438 0.492593 0.009375 0.022222
15 0.258333 0.919444 0.018750 0.009259
2 0.210938 0.245370 0.055208 0.079630
12 0.702604 0.329630 0.028125 0.055556
14 0.191667 0.138889 0.022917 0.029630
4 0.961458 0.637963 0.052083 0.035185
6 0.564583 0.521296 0.025000 0.020370
7 0.803646 0.786111 0.019792 0.012963
1 0.342708 0.800000 0.068750 0.007407
8 0.081250 0.912963 0.033333 0.033333
