3 0.123958 0.801852 0.020833 0.048148
5 0.091146 0.750926 0.065625 0.090741
9 0.927083 0.159259 0.020833 0.040741
13 0.958333 0.887963 0.020833 0.042593
0 0.521354 0.877778 0.119792 0.207407
11 0.608333 0.654630 0.033333 0.068519
10 0.831771 0.315741 0.015625 0.038889
15 0.063021 0.278704 0.023958 0.012963
2 0.780729 0.222222 0.046875 0.066667
12 0.197917 0.134259 0.031250 0.061111
14 0.829167 0.381481 0.022917 0.029630
4 0.642708 0.025926 0.037500 0.025926
6 0.548958 0.836111 0.025000 0.020370
7 0.354167 0.249074 0.025000 0.016667
1 0.797917 0.877778 0.133333 0.011111
8 0.311458 0.422222 0.022917 0.022222
