3 0.942187 0.600000 0.055208 0.125926
5 0.073438 0.273148 0.109375 0.150000
9 0.290625 0.858333 0.045833 0.090741
13 0.629687 0.235185 0.051042 0.103704
0 0.373958 0.424074 0.197917 0.344444
11 0.916146 0.937037 0.044792 0.092593
10 0.894271 0.283333 0.023958 0.059259
15 0.483854 0.204630 0.071875 0.038889
2 0.619792 0.762963 0.102083 0.148148
12 0.561979 0.740741 0.044792 0.088889
14 0.593750 0.120370 0.039583 0.051852
4 0.109375 0.375926 0.075000 0.051852
6 0.325000 0.167593 0.052083 0.042593
7 0.555208 0.879630 0.050000 0.033333
1 0.860417 0.669444 0.260417 0.024074
8 0.858854 0.369444 0.048958 0.050000
