3 0.178125 0.949074 0.027083 0.061111
5 0.423438 0.600000 0.113542 0.155556
9 0.201563 0.885185 0.084375 0.166667
13 0.809375 0.797222 0.052083 0.105556
0 0.218750 0.593519 0.195833 0.338889
11 0.705729 0.313889 0.044792 0.090741
10 0.823958 0.871296 0.031250 0.075926
15 0.896354 0.725000 0.071875 0.038889
2 0.398958 0.700000 0.100000 0.144444
12 0.047396 0.700000 0.048958 0.096296
14 0.270313 0.565741 0.051042 0.064815
4 0.160938 0.934259 0.069792 0.046296
6 0.101562 0.453704 0.076042 0.062963
7 0.303125 0.397222 0.041667 0.027778
1 0.768750 0.429630 0.252083 0.022222
8 0.211458 0.298148 0.058333 0.059259
