3 0.150000 0.334259 0.012500 0.027778
5 0.593229 0.665741 0.028125 0.038889
9 0.353125 0.520370 0.020833 0.040741
13 0.111458 0.822222 0.008333 0.018519
0 0.368229 0.316667 0.044792 0.077778
11 0.248438 0.537037 0.009375 0.018519
10 0.914583 0.484259 0.008333 0.020370
15 0.346875 0.703704 0.012500 0.007407
2 0.318750 0.268519 0.033333 0.048148
12 0.258333 0.746296 0.014583 0.029630
14 0.332292 0.418519 0.008333 0.011111
4 0.513021 0.676852 0.019792 0.012963
6 0.598437 0.923148 0.011458 0.009259
7 0.854167 0.180556 0.018750 0.012963
1 0.056250 0.705556 0.045833 0.007407
8 0.525521 0.417593 0.017708 0.016667
