3 0.614583 0.280556 0.027083 0.061111
5 0.560937 0.518519 0.084375 0.114815
9 0.823438 0.938889 0.034375 0.066667
13 0.351042 0.637963 0.020833 0.042593
0 0.554167 0.380556 0.120833 0.209259
11 0.595833 0.329630 0.016667 0.033333
10 0.146875 0.219444 0.018750 0.046296
15 0.491667 0.137963 0.018750 0.009259
2 0.917188 0.894444 0.073958 0.107407
12 0.680729 0.561111 0.023958 0.048148
14 0.426042 0.899074 0.016667 0.020370
4 0.248958 0.302778 0.031250 0.020370
6 0.886458 0.740741 0.022917 0.018519
7 0.789583 0.014815 0.033333 0.022222
1 0.159896 0.614815 0.094792 0.007407
8 0.239583 0.587963 0.041667 0.042593
