3 0.496875 0.475000 0.029167 0.064815
5 0.684375 0.662963 0.125000 0.170370
9 0.377604 0.400000 0.067708 0.133333
13 0.273958 0.267593 0.050000 0.101852
0 0.348438 0.704630 0.176042 0.305556
11 0.083854 0.505556 0.051042 0.103704
10 0.577604 0.212037 0.019792 0.046296
15 0.377083 0.458333 0.037500 0.020370
2 0.901563 0.494444 0.094792 0.137037
12 0.516146 0.244444 0.061458 0.122222
14 0.198437 0.824074 0.034375 0.044444
4 0.223438 0.653704 0.107292 0.074074
6 0.284896 0.112037 0.051042 0.042593
7 0.706771 0.921296 0.040625 0.027778
1 0.851042 0.947222 0.152083 0.012963
8 0.920312 0.953704 0.055208 0.055556
