3 0.244792 0.685185 0.006250 0.014815
5 0.721875 0.702778 0.039583 0.053704
9 0.530208 0.172222 0.016667 0.033333
13 0.626042 0.820370 0.012500 0.025926
0 0.649479 0.629630 0.032292 0.055556
11 0.768229 0.094444 0.011458 0.022222
10 0.159896 0.257407 0.007292 0.018519
15 0.472396 0.153704 0.015625 0.007407
2 0.564063 0.244444 0.026042 0.037037
12 0.130208 0.137037 0.020833 0.040741
14 0.858333 0.601852 0.006250 0.007407
4 0.305729 0.293519 0.026042 0.016667
6 0.085938 0.348148 0.017708 0.014815
7 0.917708 0.500000 0.016667 0.011111
1 0.488542 0.811111 0.056250 0.007407
8 0.834375 0.547222 0.020833 0.020370
