3 0.211458 0.273148 0.031250 0.072222
5 0.778646 0.896296 0.121875 0.166667
9 0.608854 0.167593 0.067708 0.135185
13 0.643750 0.797222 0.037500 0.075926
0 0.250000 0.523148 0.145833 0.253704
11 0.515625 0.324074 0.043750 0.088889
10 0.701042 0.570370 0.033333 0.081481
15 0.586979 0.494444 0.073958 0.040741
2 0.896875 0.553704 0.089583 0.129630
12 0.356250 0.691667 0.085417 0.168519
14 0.219792 0.590741 0.043750 0.055556
4 0.494792 0.514815 0.070833 0.048148
6 0.605208 0.744444 0.085417 0.070370
7 0.485938 0.149074 0.061458 0.042593
1 0.676042 0.522222 0.210417 0.018519
8 0.055729 0.955556 0.084375 0.085185
