3 0.907813 0.290741 0.032292 0.074074
5 0.110937 0.904630 0.134375 0.183333
9 0.050000 0.260185 0.077083 0.153704
13 0.405729 0.239815 0.059375 0.120370
0 0.695833 0.500926 0.147917 0.257407
11 0.243229 0.160185 0.055208 0.112963
10 0.483854 0.380556 0.023958 0.057407
15 0.297917 0.787037 0.041667 0.022222
2 0.352604 0.338889 0.134375 0.192593
12 0.704167 0.805556 0.077083 0.151852
14 0.370833 0.254630 0.041667 0.053704
4 0.487500 0.880556 0.066667 0.046296
6 0.320833 0.746296 0.081250 0.066667
7 0.406771 0.951852 0.042708 0.029630
1 0.485417 0.814815 0.250000 0.022222
8 0.386458 0.612963 0.043750 0.044444
