3 0.290104 0.369444 0.034375 0.079630
5 0.469271 0.429630 0.128125 0.174074
9 0.369271 0.666667 0.061458 0.122222
13 0.708854 0.063889 0.044792 0.090741
0 0.693750 0.357407 0.183333 0.318519
11 0.340104 0.625926 0.032292 0.066667
10 0.105729 0.476852 0.030208 0.072222
15 0.467187 0.099074 0.071875 0.038889
2 0.524479 0.690741 0.107292 0.155556
12 0.126562 0.387963 0.069792 0.138889
14 0.518750 0.058333 0.027083 0.035185
4 0.471354 0.554630 0.084375 0.057407
6 0.051042 0.216667 0.045833 0.037037
7 0.119792 0.897222 0.062500 0.042593
1 0.516667 0.081481 0.245833 0.022222
8 0.402604 0.064815 0.078125 0.077778
