3 0.900521 0.721296 0.007292 0.016667
5 0.386458 0.837037 0.037500 0.051852
9 0.523958 0.984259 0.012500 0.024074
13 0.056771 0.166667 0.011458 0.022222
0 0.892708 0.334259 0.052083 0.090741
11 0.837500 0.438889 0.014583 0.029630
10 0.598437 0.123148 0.005208 0.012963
15 0.945833 0.008333 0.016667 0.009259
2 0.392188 0.622222 0.038542 0.055556
12 0.936458 0.191667 0.012500 0.024074
14 0.813542 0.607407 0.006250 0.007407
4 0.430208 0.043519 0.014583 0.009259
6 0.757292 0.026852 0.012500 0.009259
7 0.169271 0.779630 0.009375 0.007407
1 0.876563 0.631481 0.051042 0.007407
8 0.052083 0.564815 0.010417 0.011111
