3 0.159896 0.869444 0.007292 0.016667
5 0.153125 0.260185 0.031250 0.042593
9 0.543229 0.756481 0.011458 0.024074
13 0.194271 0.337963 0.015625 0.031481
0 0.606771 0.429630 0.044792 0.077778
11 0.733854 0.283333 0.015625 0.033333
10 0.960417 0.694444 0.004167 0.011111
15 0.855729 0.508333 0.017708 0.009259
2 0.046875 0.325000 0.035417 0.050000
12 0.740625 0.572222 0.020833 0.040741
14 0.418229 0.289815 0.009375 0.012963
4 0.297396 0.898148 0.021875 0.014815
6 0.951562 0.705556 0.013542 0.011111
7 0.556250 0.630556 0.014583 0.009259
1 0.672917 0.403704 0.052083 0.007407
8 0.384375 0.035185 0.018750 0.018519
