3 0.513021 0.889815 0.017708 0.038889
5 0.641146 0.809259 0.101042 0.137037
9 0.744792 0.707407 0.027083 0.051852
13 0.591146 0.074074 0.021875 0.044444
0 0.893229 0.378704 0.109375 0.190741
11 0.074479 0.110185 0.017708 0.035185
10 0.141146 0.873148 0.015625 0.038889
15 0.434375 0.207407 0.033333 0.018519
2 0.384896 0.517593 0.076042 0.109259
12 0.557292 0.142593 0.025000 0.048148
14 0.725521 0.147222 0.013542 0.016667
4 0.955208 0.192593 0.027083 0.018519
6 0.684896 0.212037 0.034375 0.027778
7 0.928125 0.463889 0.031250 0.020370
1 0.421354 0.311111 0.126042 0.011111
8 0.317708 0.861111 0.041667 0.040741
