3 0.320833 0.610185 0.010417 0.024074
5 0.493229 0.425000 0.046875 0.064815
9 0.650000 0.537037 0.016667 0.033333
13 0.680729 0.020370 0.011458 0.022222
0 0.387500 0.432407 0.039583 0.068519
11 0.856250 0.250000 0.014583 0.029630
10 0.402083 0.225000 0.008333 0.020370
15 0.672396 0.009259 0.015625 0.007407
2 0.634375 0.600000 0.035417 0.051852
12 0.680729 0.243519 0.009375 0.020370
14 0.256250 0.477778 0.006250 0.007407
4 0.474479 0.543519 0.013542 0.009259
6 0.548958 0.792593 0.018750 0.014815
7 0.525000 0.450000 0.010417 0.007407
1 0.627604 0.124074 0.038542 0.007407
8 0.602604 0.414815 0.017708 0.018519
