3 0.075521 0.735185 0.017708 0.040741
5 0.134896 0.768519 0.059375 0.081481
9 0.708333 0.368519 0.035417 0.070370
13 0.223438 0.250000 0.021875 0.044444
0 0.406771 0.289815 0.080208 0.138889
11 0.943750 0.068519 0.027083 0.055556
10 0.905208 0.666667 0.014583 0.037037
15 0.966146 0.752778 0.030208 0.016667
2 0.902604 0.841667 0.044792 0.064815
12 0.079687 0.897222 0.023958 0.046296
14 0.726562 0.842593 0.019792 0.025926
4 0.181250 0.791667 0.037500 0.024074
6 0.751563 0.504630 0.034375 0.027778
7 0.589063 0.702778 0.034375 0.024074
1 0.506771 0.926852 0.098958 0.009259
8 0.221875 0.034259 0.025000 0.024074
