3 0.889062 0.661111 0.009375 0.022222
5 0.038542 0.918519 0.025000 0.033333
9 0.710417 0.302778 0.016667 0.031481
13 0.350521 0.447222 0.011458 0.024074
0 0.159896 0.860185 0.030208 0.053704
11 0.673438 0.306481 0.009375 0.020370
10 0.343229 0.583333 0.007292 0.018519
15 0.375521 0.070370 0.015625 0.007407
2 0.469271 0.863889 0.019792 0.027778
12 0.058333 0.417593 0.010417 0.020370
14 0.698438 0.057407 0.009375 0.011111
4 0.869271 0.719444 0.026042 0.016667
6 0.244271 0.163889 0.015625 0.012963
7 0.307292 0.748148 0.016667 0.011111
1 0.462500 0.525926 0.041667 0.007407
8 0.497917 0.052778 0.016667 0.016667
