3 0.407292 0.950000 0.016667 0.037037
5 0.496875 0.841667 0.060417 0.083333
9 0.482812 0.913889 0.034375 0.068519
13 0.559896 0.212037 0.032292 0.064815
0 0.391146 0.805556 0.117708 0.203704
11 0.969792 0.414815 0.027083 0.055556
10 0.566146 0.467593 0.011458 0.027778
15 0.067187 0.031481 0.028125 0.014815
2 0.420312 0.928704 0.055208 0.079630
12 0.434896 0.847222 0.034375 0.068519
14 0.857292 0.357407 0.016667 0.022222
4 0.978125 0.160185 0.041667 0.027778
6 0.731771 0.799074 0.042708 0.035185
7 0.960417 0.019444 0.020833 0.012963
1 0.130729 0.723148 0.107292 0.009259
8 0.116146 0.187037 0.026042 0.025926
