3 0.703646 0.275926 0.023958 0.055556
5 0.224479 0.354630 0.101042 0.138889
9 0.717708 0.876852 0.041667 0.083333
13 0.369792 0.148148 0.025000 0.051852
0 0.848958 0.128704 0.062500 0.109259
11 0.117708 0.365741 0.027083 0.053704
10 0.347396 0.731481 0.009375 0.022222
15 0.631771 0.769444 0.036458 0.020370
2 0.466667 0.301852 0.058333 0.085185
12 0.868750 0.655556 0.035417 0.070370
14 0.928646 0.284259 0.021875 0.027778
4 0.860938 0.781481 0.055208 0.037037
6 0.735938 0.250000 0.036458 0.029630
7 0.735938 0.143519 0.019792 0.012963
1 0.271875 0.879630 0.066667 0.007407
8 0.120833 0.680556 0.027083 0.027778
