3 0.820312 0.337037 0.040625 0.092593
5 0.320312 0.822222 0.192708 0.262963
9 0.603125 0.643519 0.066667 0.131481
13 0.856771 0.095370 0.042708 0.087037
0 0.375521 0.746296 0.126042 0.218519
11 0.667188 0.414815 0.036458 0.074074
10 0.388542 0.935185 0.027083 0.066667
15 0.588542 0.583333 0.066667 0.037037
2 0.176042 0.419444 0.160417 0.231481
12 0.209896 0.267593 0.059375 0.116667
14 0.656250 0.704630 0.027083 0.035185
4 0.092188 0.857407 0.090625 0.062963
6 0.610417 0.400926 0.060417 0.050000
7 0.198437 0.529630 0.053125 0.037037
1 0.212500 0.965741 0.141667 0.012963
8 0.611979 0.516667 0.088542 0.088889
