3 0.021354 0.640741 0.032292 0.074074
5 0.077083 0.859259 0.143750 0.196296
9 0.412500 0.249074 0.062500 0.124074
13 0.066667 0.818519 0.058333 0.118519
0 0.694792 0.450000 0.191667 0.333333
11 0.133333 0.450926 0.066667 0.135185
10 0.652604 0.130556 0.023958 0.057407
15 0.630729 0.637037 0.055208 0.029630
2 0.471875 0.711111 0.100000 0.144444
12 0.516146 0.300000 0.082292 0.162963
14 0.464583 0.781481 0.031250 0.040741
4 0.945833 0.644444 0.102083 0.070370
6 0.232813 0.751852 0.071875 0.059259
7 0.093750 0.308333 0.072917 0.050000
1 0.715625 0.939815 0.195833 0.016667
8 0.430208 0.600000 0.077083 0.077778
