3 0.523958 0.173148 0.029167 0.064815
5 0.855208 0.474074 0.114583 0.155556
9 0.241667 0.271296 0.047917 0.094444
13 0.894792 0.774074 0.058333 0.118519
0 0.745833 0.660185 0.160417 0.279630
11 0.653646 0.239815 0.044792 0.090741
10 0.132292 0.527778 0.037500 0.092593
15 0.129688 0.277778 0.055208 0.029630
2 0.857292 0.219444 0.147917 0.212963
12 0.272917 0.730556 0.083333 0.164815
14 0.270313 0.706481 0.038542 0.050000
4 0.579688 0.041667 0.061458 0.042593
6 0.400521 0.911111 0.071875 0.059259
7 0.069271 0.323148 0.051042 0.035185
1 0.675000 0.677778 0.245833 0.022222
8 0.054167 0.799074 0.056250 0.057407
