3 0.754687 0.578704 0.053125 0.120370
5 0.580208 0.823148 0.166667 0.227778
9 0.571875 0.697222 0.064583 0.127778
13 0.231250 0.437037 0.039583 0.081481
0 0.534375 0.382407 0.154167 0.268519
11 0.610938 0.063889 0.059375 0.120370
10 0.450000 0.187037 0.029167 0.070370
15 0.598958 0.206481 0.064583 0.035185
2 0.520312 0.172222 0.151042 0.218519
12 0.552083 0.729630 0.054167 0.107407
14 0.799479 0.275000 0.038542 0.050000
4 0.926562 0.752778 0.063542 0.042593
6 0.431771 0.487037 0.076042 0.062963
7 0.852604 0.018519 0.038542 0.025926
1 0.729167 0.513889 0.154167 0.012963
8 0.841667 0.654630 0.050000 0.050000
