3 0.152604 0.778704 0.021875 0.050000
5 0.390625 0.725000 0.077083 0.105556
9 0.743229 0.703704 0.038542 0.077778
13 0.563542 0.265741 0.018750 0.038889
0 0.371354 0.638889 0.065625 0.114815
11 0.098958 0.631481 0.029167 0.059259
10 0.982812 0.276852 0.017708 0.042593
15 0.969792 0.344444 0.027083 0.014815
2 0.777083 0.270370 0.066667 0.096296
12 0.455208 0.098148 0.035417 0.070370
14 0.368750 0.436111 0.025000 0.031481
4 0.204167 0.271296 0.041667 0.027778
6 0.571875 0.049074 0.029167 0.024074
7 0.963542 0.966667 0.027083 0.018519
1 0.445312 0.055556 0.084375 0.007407
8 0.166667 0.421296 0.041667 0.042593
