3 0.689583 0.985185 0.006250 0.014815
5 0.296354 0.950926 0.026042 0.035185
9 0.558854 0.095370 0.013542 0.027778
13 0.083854 0.121296 0.011458 0.024074
0 0.698958 0.584259 0.045833 0.079630
11 0.725000 0.062963 0.014583 0.029630
10 0.563542 0.086111 0.008333 0.020370
15 0.152083 0.860185 0.018750 0.009259
2 0.426042 0.395370 0.037500 0.053704
12 0.461458 0.911111 0.010417 0.022222
14 0.054688 0.637963 0.007292 0.009259
4 0.754687 0.016667 0.017708 0.011111
6 0.824479 0.960185 0.015625 0.012963
7 0.584375 0.927778 0.010417 0.007407
1 0.056250 0.653704 0.058333 0.007407
8 0.170313 0.658333 0.017708 0.016667
