3 0.507292 0.566667 0.012500 0.029630
5 0.685417 0.618519 0.037500 0.051852
9 0.607812 0.606481 0.019792 0.038889
13 0.916146 0.566667 0.009375 0.018519
0 0.810937 0.260185 0.032292 0.057407
11 0.661979 0.312963 0.009375 0.018519
10 0.047396 0.521296 0.005208 0.012963
15 0.653646 0.109259 0.015625 0.007407
2 0.566146 0.105556 0.030208 0.044444
12 0.765625 0.460185 0.010417 0.020370
14 0.073438 0.436111 0.007292 0.009259
4 0.777604 0.967593 0.019792 0.012963
6 0.940104 0.053704 0.017708 0.014815
7 0.510417 0.932407 0.014583 0.009259
1 0.810937 0.533333 0.034375 0.007407
8 0.211979 0.199074 0.019792 0.020370
