3 0.385937 0.945370 0.038542 0.087037
5 0.325000 0.453704 0.168750 0.229630
9 0.625521 0.874074 0.080208 0.159259
13 0.066667 0.600000 0.058333 0.118519
0 0.508333 0.437037 0.237500 0.411111
11 0.792188 0.343519 0.046875 0.094444
10 0.951042 0.408333 0.020833 0.050000
15 0.426563 0.418519 0.046875 0.025926
2 0.415625 0.683333 0.143750 0.207407
12 0.781250 0.280556 0.079167 0.157407
14 0.029687 0.592593 0.026042 0.033333
4 0.926042 0.305556 0.091667 0.062963
6 0.195833 0.662963 0.085417 0.070370
7 0.199479 0.516667 0.055208 0.037037
1 0.148438 0.697222 0.192708 0.016667
8 0.946354 0.663889 0.067708 0.068519
