3 0.818229 0.586111 0.042708 0.098148
5 0.423958 0.368519 0.197917 0.270370
9 0.387500 0.445370 0.064583 0.127778
13 0.875521 0.738889 0.038542 0.077778
0 0.143750 0.497222 0.233333 0.405556
11 0.058333 0.450926 0.060417 0.124074
10 0.204167 0.122222 0.031250 0.074074
15 0.655208 0.310185 0.064583 0.035185
2 0.819792 0.512037 0.158333 0.227778
12 0.692187 0.262037 0.067708 0.135185
14 0.489063 0.034259 0.030208 0.038889
4 0.066667 0.222222 0.077083 0.051852
6 0.789062 0.220370 0.071875 0.059259
7 0.268229 0.447222 0.051042 0.035185
1 0.221875 0.657407 0.129167 0.011111
8 0.598958 0.347222 0.079167 0.079630
