3 0.392188 0.876852 0.015625 0.035185
5 0.274479 0.674074 0.094792 0.129630
9 0.520312 0.561111 0.026042 0.051852
13 0.829688 0.079630 0.021875 0.044444
0 0.781771 0.273148 0.113542 0.198148
11 0.681250 0.092593 0.016667 0.033333
10 0.904687 0.602778 0.017708 0.042593
15 0.051042 0.112037 0.025000 0.012963
2 0.357812 0.124074 0.071875 0.103704
12 0.031250 0.694444 0.029167 0.059259
14 0.802604 0.707407 0.013542 0.018519
4 0.742188 0.959259 0.032292 0.022222
6 0.582812 0.364815 0.040625 0.033333
7 0.142187 0.787037 0.021875 0.014815
1 0.124479 0.775926 0.130208 0.011111
8 0.736979 0.385185 0.021875 0.022222
