3 0.468229 0.666667 0.011458 0.025926
5 0.047917 0.819444 0.029167 0.038889
9 0.447917 0.201852 0.014583 0.029630
13 0.242188 0.029630 0.013542 0.025926
0 0.735417 0.067593 0.035417 0.061111
11 0.572917 0.647222 0.010417 0.020370
10 0.404687 0.750000 0.009375 0.022222
15 0.231771 0.674074 0.009375 0.007407
2 0.453125 0.762963 0.020833 0.029630
12 0.660937 0.821296 0.017708 0.035185
14 0.021875 0.772222 0.008333 0.011111
4 0.200000 0.321296 0.020833 0.012963
6 0.747917 0.259259 0.012500 0.011111
7 0.209375 0.916667 0.016667 0.011111
1 0.263542 0.840741 0.039583 0.007407
8 0.811979 0.459259 0.011458 0.011111
