3 0.535417 0.303704 0.037500 0.085185
5 0.143750 0.386111 0.139583 0.190741
9 0.334375 0.372222 0.075000 0.148148
13 0.725000 0.500000 0.060417 0.122222
0 0.560937 0.695370 0.186458 0.324074
11 0.470833 0.489815 0.037500 0.075926
10 0.146354 0.201852 0.038542 0.092593
15 0.783854 0.612037 0.063542 0.035185
2 0.109896 0.467593 0.132292 0.190741
12 0.857292 0.471296 0.081250 0.161111
14 0.928646 0.796296 0.028125 0.037037
4 0.918229 0.778704 0.111458 0.075926
6 0.894271 0.781481 0.057292 0.048148
7 0.160417 0.672222 0.054167 0.037037
1 0.802604 0.551852 0.255208 0.022222
8 0.730729 0.287037 0.061458 0.062963
