3 0.675521 0.383333 0.009375 0.022222
5 0.940625 0.611111 0.025000 0.033333
9 0.289583 0.367593 0.012500 0.024074
13 0.134375 0.834259 0.008333 0.016667
0 0.580208 0.356481 0.029167 0.050000
11 0.345833 0.708333 0.012500 0.024074
10 0.028646 0.970370 0.009375 0.022222
15 0.351562 0.764815 0.015625 0.007407
2 0.307812 0.302778 0.034375 0.050000
12 0.775521 0.382407 0.013542 0.027778
14 0.567187 0.818519 0.011458 0.014815
4 0.639583 0.708333 0.014583 0.009259
6 0.433333 0.010185 0.020833 0.016667
7 0.720313 0.412963 0.011458 0.007407
1 0.123958 0.390741 0.043750 0.007407
8 0.260417 0.036111 0.012500 0.012963
