3 0.175521 0.510185 0.030208 0.068519
5 0.205208 0.199074 0.177083 0.242593
9 0.330729 0.719444 0.084375 0.168519
13 0.765104 0.786111 0.042708 0.087037
0 0.490625 0.339815 0.156250 0.272222
11 0.941667 0.822222 0.039583 0.081481
10 0.126042 0.353704 0.022917 0.055556
15 0.533854 0.454630 0.051042 0.027778
2 0.288021 0.817593 0.098958 0.142593
12 0.815625 0.231481 0.041667 0.081481
14 0.226042 0.749074 0.047917 0.061111
4 0.814583 0.878704 0.110417 0.075926
6 0.107813 0.781481 0.057292 0.048148
7 0.168229 0.743519 0.040625 0.027778
1 0.105729 0.537037 0.209375 0.018519
8 0.135417 0.394444 0.087500 0.088889
