3 0.150000 0.183333 0.008333 0.018519
5 0.446875 0.547222 0.037500 0.050000
9 0.126042 0.162963 0.010417 0.022222
13 0.848958 0.697222 0.012500 0.024074
0 0.692187 0.501852 0.042708 0.074074
11 0.354167 0.344444 0.010417 0.022222
10 0.266667 0.347222 0.008333 0.020370
15 0.868750 0.360185 0.016667 0.009259
2 0.440625 0.659259 0.033333 0.048148
12 0.255729 0.602778 0.017708 0.035185
14 0.578646 0.958333 0.007292 0.009259
4 0.848437 0.937963 0.015625 0.009259
6 0.796875 0.549074 0.010417 0.009259
7 0.688021 0.651852 0.009375 0.007407
1 0.084896 0.274074 0.040625 0.007407
8 0.610417 0.437037 0.012500 0.011111
