3 0.618229 0.108333 0.053125 0.120370
5 0.338021 0.227778 0.192708 0.262963
9 0.778646 0.692593 0.061458 0.122222
13 0.266146 0.508333 0.048958 0.098148
0 0.886979 0.477778 0.217708 0.377778
11 0.225521 0.448148 0.038542 0.077778
10 0.048958 0.800000 0.029167 0.070370
15 0.621875 0.976852 0.056250 0.031481
2 0.057813 0.688889 0.094792 0.137037
12 0.374479 0.529630 0.040625 0.081481
14 0.278125 0.694444 0.047917 0.062963
4 0.625521 0.711111 0.096875 0.066667
6 0.506250 0.134259 0.083333 0.068519
7 0.080729 0.384259 0.051042 0.035185
1 0.758854 0.439815 0.180208 0.016667
8 0.597396 0.556481 0.071875 0.072222
