3 0.911979 0.832407 0.013542 0.031481
5 0.328646 0.079630 0.032292 0.044444
9 0.145313 0.625926 0.017708 0.037037
13 0.848437 0.964815 0.013542 0.025926
0 0.683854 0.697222 0.059375 0.101852
11 0.192708 0.952778 0.010417 0.020370
10 0.551562 0.322222 0.009375 0.022222
15 0.418229 0.844444 0.009375 0.007407
2 0.887500 0.821296 0.025000 0.035185
12 0.873958 0.100000 0.016667 0.033333
14 0.323958 0.707407 0.008333 0.011111
4 0.323437 0.657407 0.021875 0.014815
6 0.889062 0.616667 0.017708 0.014815
7 0.036979 0.725000 0.015625 0.009259
1 0.388542 0.914815 0.062500 0.007407
8 0.303646 0.587037 0.011458 0.011111
