3 0.680729 0.944444 0.034375 0.077778
5 0.232813 0.358333 0.171875 0.235185
9 0.472917 0.150000 0.075000 0.148148
13 0.083854 0.508333 0.040625 0.083333
0 0.614062 0.333333 0.134375 0.233333
11 0.744271 0.437037 0.067708 0.137037
10 0.167708 0.902778 0.025000 0.061111
15 0.510417 0.036111 0.062500 0.035185
2 0.265625 0.710185 0.125000 0.179630
12 0.734375 0.814815 0.070833 0.140741
14 0.830208 0.218519 0.037500 0.048148
4 0.649479 0.776852 0.111458 0.075926
6 0.461458 0.942593 0.054167 0.044444
7 0.139063 0.036111 0.040625 0.027778
1 0.287500 0.427778 0.170833 0.014815
8 0.361458 0.680556 0.085417 0.087037
