3 0.751563 0.460185 0.007292 0.016667
5 0.371354 0.642593 0.042708 0.059259
9 0.417187 0.294444 0.015625 0.029630
13 0.856250 0.222222 0.012500 0.025926
0 0.897396 0.840741 0.034375 0.059259
11 0.612500 0.369444 0.010417 0.020370
10 0.603125 0.517593 0.006250 0.016667
15 0.172396 0.020370 0.011458 0.007407
2 0.320312 0.030556 0.030208 0.042593
12 0.932292 0.364815 0.018750 0.037037
14 0.707812 0.825000 0.007292 0.009259
4 0.677083 0.162963 0.022917 0.014815
6 0.976562 0.356481 0.011458 0.009259
7 0.573958 0.162963 0.012500 0.007407
1 0.575000 0.729630 0.045833 0.007407
8 0.869792 0.855556 0.018750 0.018519
