3 0.807292 0.664815 0.020833 0.048148
5 0.577083 0.617593 0.056250 0.075926
9 0.927604 0.123148 0.032292 0.064815
13 0.727083 0.132407 0.020833 0.042593
0 0.142708 0.761111 0.064583 0.111111
11 0.223438 0.953704 0.021875 0.044444
10 0.334896 0.770370 0.011458 0.029630
15 0.907813 0.308333 0.036458 0.020370
2 0.764062 0.726852 0.053125 0.075926
12 0.863542 0.073148 0.029167 0.057407
14 0.951042 0.516667 0.012500 0.014815
4 0.407813 0.528704 0.046875 0.031481
6 0.351042 0.200926 0.029167 0.024074
7 0.871354 0.510185 0.036458 0.024074
1 0.932292 0.275926 0.095833 0.007407
8 0.021875 0.226852 0.035417 0.035185
