3 0.243750 0.532407 0.047917 0.109259
5 0.278125 0.495370 0.200000 0.272222
9 0.870833 0.187963 0.047917 0.094444
13 0.598958 0.098148 0.041667 0.085185
0 0.452083 0.356481 0.200000 0.346296
11 0.353646 0.210185 0.044792 0.090741
10 0.228125 0.902778 0.027083 0.064815
15 0.050000 0.212037 0.070833 0.038889
2 0.660417 0.429630 0.110417 0.159259
12 0.889062 0.904630 0.061458 0.120370
14 0.378646 0.643519 0.051042 0.064815
4 0.930729 0.772222 0.103125 0.070370
6 0.900521 0.290741 0.063542 0.051852
7 0.839063 0.201852 0.053125 0.037037
1 0.132812 0.337963 0.142708 0.012963
8 0.889583 0.537963 0.045833 0.046296
