3 0.297396 0.891667 0.023958 0.053704
5 0.760938 0.075000 0.090625 0.124074
9 0.064062 0.399074 0.034375 0.068519
13 0.901042 0.875926 0.029167 0.059259
0 0.460938 0.527778 0.113542 0.196296
11 0.164062 0.861111 0.021875 0.044444
10 0.419792 0.364815 0.012500 0.029630
15 0.804688 0.090741 0.034375 0.018519
2 0.445312 0.617593 0.078125 0.112963
12 0.148438 0.733333 0.021875 0.044444
14 0.803646 0.807407 0.023958 0.029630
4 0.968750 0.768519 0.027083 0.018519
6 0.113542 0.833333 0.031250 0.025926
7 0.636458 0.357407 0.033333 0.022222
1 0.657813 0.804630 0.107292 0.009259
8 0.974479 0.680556 0.028125 0.027778
