3 0.168750 0.582407 0.016667 0.038889
5 0.070312 0.687037 0.094792 0.129630
9 0.227604 0.400926 0.036458 0.072222
13 0.895312 0.406481 0.017708 0.035185
0 0.631771 0.197222 0.084375 0.146296
11 0.738021 0.219444 0.026042 0.053704
10 0.104688 0.525926 0.009375 0.022222
15 0.794792 0.031481 0.020833 0.011111
2 0.276562 0.082407 0.078125 0.112963
12 0.583333 0.850000 0.037500 0.074074
14 0.450000 0.178704 0.012500 0.016667
4 0.685937 0.923148 0.036458 0.024074
6 0.383333 0.972222 0.027083 0.022222
7 0.321354 0.937963 0.034375 0.024074
1 0.757812 0.092593 0.090625 0.007407
8 0.926562 0.628704 0.023958 0.024074
