3 0.573958 0.172222 0.006250 0.014815
5 0.153646 0.342593 0.042708 0.059259
9 0.536458 0.933333 0.014583 0.029630
13 0.710938 0.644444 0.015625 0.033333
0 0.635417 0.210185 0.047917 0.083333
11 0.274479 0.262037 0.011458 0.024074
10 0.281250 0.758333 0.008333 0.020370
15 0.190104 0.315741 0.017708 0.009259
2 0.869792 0.351852 0.035417 0.051852
12 0.905208 0.410185 0.012500 0.024074
14 0.460417 0.082407 0.008333 0.009259
4 0.891667 0.056481 0.025000 0.016667
6 0.053125 0.964815 0.018750 0.014815
7 0.219271 0.714815 0.017708 0.011111
1 0.600000 0.155556 0.062500 0.007407
8 0.873958 0.199074 0.016667 0.016667
