3 0.338542 0.087037 0.052083 0.118519
5 0.398438 0.582407 0.188542 0.257407
9 0.219792 0.887963 0.070833 0.138889
13 0.276042 0.070370 0.054167 0.111111
0 0.677604 0.722222 0.209375 0.362963
11 0.422396 0.175926 0.059375 0.122222
10 0.553646 0.904630 0.021875 0.053704
15 0.383854 0.842593 0.046875 0.025926
2 0.893229 0.285185 0.113542 0.162963
12 0.779687 0.238889 0.046875 0.092593
14 0.709375 0.692593 0.031250 0.040741
4 0.888021 0.514815 0.061458 0.040741
6 0.503646 0.098148 0.044792 0.037037
7 0.890104 0.317593 0.046875 0.031481
1 0.830729 0.296296 0.215625 0.018519
8 0.195833 0.387037 0.077083 0.077778
