3 0.295833 0.393519 0.027083 0.061111
5 0.383854 0.765741 0.126042 0.172222
9 0.614583 0.592593 0.066667 0.133333
13 0.278125 0.910185 0.037500 0.075926
0 0.776042 0.446296 0.158333 0.274074
11 0.108333 0.222222 0.062500 0.125926
10 0.183854 0.127778 0.036458 0.088889
15 0.855729 0.720370 0.053125 0.029630
2 0.494271 0.216667 0.105208 0.151852
12 0.325521 0.359259 0.078125 0.155556
14 0.469792 0.741667 0.043750 0.057407
4 0.219792 0.335185 0.108333 0.074074
6 0.321354 0.217593 0.051042 0.042593
7 0.581771 0.367593 0.040625 0.027778
1 0.572396 0.597222 0.261458 0.024074
8 0.551042 0.568519 0.077083 0.077778
