3 0.765104 0.111111 0.040625 0.092593
5 0.553125 0.504630 0.185417 0.253704
9 0.489583 0.250000 0.056250 0.111111
13 0.944792 0.325926 0.066667 0.137037
0 0.458333 0.275926 0.168750 0.292593
11 0.779167 0.631481 0.064583 0.129630
10 0.298438 0.767593 0.036458 0.087037
15 0.932292 0.973148 0.064583 0.035185
2 0.098958 0.903704 0.089583 0.129630
12 0.677083 0.745370 0.047917 0.094444
14 0.615104 0.196296 0.026042 0.033333
4 0.842708 0.712037 0.062500 0.042593
6 0.808333 0.601852 0.085417 0.070370
7 0.905208 0.132407 0.062500 0.042593
1 0.073958 0.680556 0.143750 0.012963
8 0.606250 0.137963 0.081250 0.083333
