3 0.887500 0.762037 0.008333 0.020370
5 0.854167 0.463889 0.031250 0.042593
9 0.394271 0.912037 0.019792 0.038889
13 0.367188 0.816667 0.009375 0.018519
0 0.347396 0.325926 0.055208 0.096296
11 0.760938 0.213889 0.015625 0.031481
10 0.895312 0.089815 0.005208 0.012963
15 0.148438 0.930556 0.017708 0.009259
2 0.630729 0.492593 0.038542 0.055556
12 0.584896 0.452778 0.015625 0.031481
14 0.953125 0.853704 0.006250 0.007407
4 0.073438 0.716667 0.015625 0.011111
6 0.599479 0.598148 0.013542 0.011111
7 0.395833 0.138889 0.012500 0.007407
1 0.394271 0.929630 0.038542 0.007407
8 0.343750 0.058333 0.010417 0.009259
