3 0.544792 0.571296 0.012500 0.027778
5 0.442708 0.714815 0.035417 0.048148
9 0.699479 0.487963 0.019792 0.038889
13 0.662500 0.300926 0.010417 0.020370
0 0.275521 0.612037 0.032292 0.057407
11 0.609896 0.338889 0.011458 0.022222
10 0.916667 0.457407 0.004167 0.011111
15 0.185417 0.600926 0.016667 0.009259
2 0.072917 0.496296 0.025000 0.037037
12 0.052083 0.199074 0.016667 0.031481
14 0.689583 0.756481 0.010417 0.012963
4 0.332292 0.768519 0.020833 0.014815
6 0.208854 0.210185 0.011458 0.009259
7 0.670312 0.603704 0.011458 0.007407
1 0.217188 0.005556 0.055208 0.007407
8 0.180729 0.051852 0.015625 0.014815
