3 0.757292 0.300926 0.012500 0.027778
5 0.833854 0.336111 0.042708 0.057407
9 0.173437 0.824074 0.017708 0.037037
13 0.594792 0.298148 0.010417 0.022222
0 0.513021 0.440741 0.032292 0.055556
11 0.800000 0.793519 0.010417 0.020370
10 0.642188 0.012963 0.009375 0.022222
15 0.688542 0.417593 0.016667 0.009259
2 0.217708 0.724074 0.031250 0.044444
12 0.725000 0.475000 0.010417 0.020370
14 0.409375 0.952778 0.010417 0.012963
4 0.092708 0.627778 0.020833 0.014815
6 0.046354 0.756481 0.015625 0.012963
7 0.080208 0.286111 0.014583 0.009259
1 0.864062 0.929630 0.038542 0.007407
8 0.703125 0.819444 0.016667 0.016667
