3 0.802604 0.161111 0.044792 0.103704
5 0.848958 0.761111 0.106250 0.144444
9 0.788021 0.658333 0.076042 0.150000
13 0.064062 0.865741 0.063542 0.127778
0 0.804167 0.401852 0.168750 0.292593
11 0.031771 0.678704 0.048958 0.098148
10 0.501563 0.769444 0.036458 0.087037
15 0.295833 0.209259 0.072917 0.040741
2 0.119271 0.617593 0.163542 0.235185
12 0.509896 0.377778 0.063542 0.125926
14 0.935937 0.680556 0.028125 0.035185
4 0.803125 0.139815 0.089583 0.061111
6 0.233333 0.957407 0.081250 0.066667
7 0.210417 0.259259 0.054167 0.037037
1 0.139583 0.534259 0.187500 0.016667
8 0.263021 0.865741 0.042708 0.042593
