3 0.669792 0.285185 0.014583 0.033333
5 0.059896 0.661111 0.065625 0.088889
9 0.169792 0.549074 0.025000 0.050000
13 0.590104 0.525926 0.021875 0.044444
0 0.775000 0.146296 0.093750 0.162963
11 0.625521 0.796296 0.023958 0.048148
10 0.510417 0.534259 0.010417 0.024074
15 0.725000 0.767593 0.022917 0.012963
2 0.427604 0.800000 0.057292 0.081481
12 0.633854 0.637963 0.036458 0.072222
14 0.468750 0.836111 0.018750 0.024074
4 0.324479 0.899074 0.046875 0.031481
6 0.938021 0.416667 0.021875 0.018519
7 0.084375 0.762963 0.027083 0.018519
1 0.213542 0.177778 0.089583 0.007407
8 0.807813 0.436111 0.042708 0.042593
